6,14,25,55,30,3
6,14,25,56,30,3
6,14,25,57,30,3
6,14,25,58,30,3
6,14,25,59,30,3
7,14,31,1,30,3
7,14,31,2,30,3
7,14,31,3,30,3
7,14,31,4,30,3
7,14,31,5,30,3
6,14,36,7,30,3
6,14,36,8,30,3
6,14,36,9,30,3
6,14,36,10,30,3
7,14,41,12,30,3
7,14,41,13,30,3
7,14,41,14,30,3
7,14,41,15,30,3
7,14,41,16,30,3
7,14,46,18,30,3
7,14,46,19,30,3
7,14,46,20,30,3
7,14,46,21,30,3
7,14,51,24,30,3
7,14,51,25,30,3
7,14,51,26,30,3
7,14,51,27,30,3
7,14,56,29,30,3
7,14,56,30,30,3
7,14,56,31,30,3
7,14,56,32,30,3
7,14,56,33,30,3
7,15,1,35,30,3
7,15,1,36,30,3
7,15,1,37,30,3
7,15,1,38,30,3
7,15,6,40,30,3
7,15,6,41,30,3
7,15,6,42,30,3
7,15,6,43,30,3
7,15,6,44,30,3
7,15,11,46,30,3
7,15,11,47,30,3
7,15,11,48,30,3
7,15,11,49,30,3
7,15,16,51,30,3
7,15,16,52,30,3
7,15,16,53,30,3
7,15,16,54,30,3
7,15,16,55,30,3
7,15,21,57,30,3
7,15,21,58,30,3
7,15,21,59,30,3
7,15,22,0,30,3
7,15,22,1,30,3
7,15,27,3,30,3
7,15,27,4,30,3
7,15,27,5,30,3
7,15,27,6,30,3
7,15,32,8,30,3
7,15,32,9,30,3
7,15,32,10,30,3
7,15,32,11,30,3
7,15,32,12,30,3
7,15,37,14,30,3
7,15,37,15,30,3
7,15,37,16,30,3
7,15,37,18,30,3
7,15,42,20,30,3
7,15,42,21,30,3
7,15,42,22,30,3
7,15,42,23,30,3
7,15,47,25,30,3
7,15,47,26,30,3
7,15,47,27,30,3
7,15,47,28,30,3
7,15,47,29,30,3
7,15,52,31,30,3
7,15,52,32,30,3
7,15,52,33,30,3
7,15,52,34,30,3
7,15,57,36,30,3
7,15,57,37,30,3
7,15,57,38,30,3
7,15,57,39,30,3
7,15,57,40,30,3
7,16,2,43,30,3
7,16,2,44,30,3
7,16,2,45,30,3
7,16,2,46,30,3
7,16,7,48,30,3
7,16,7,49,30,3
7,16,7,50,30,3
7,16,7,51,30,3
7,16,12,53,30,3
7,16,12,54,30,3
7,16,12,55,30,3
7,16,12,56,30,3
7,16,12,57,30,3
8,16,17,59,30,3
8,16,18,0,30,3
8,16,18,1,30,3
8,16,18,2,30,3
8,16,23,4,30,3
8,16,23,5,30,3
8,16,23,6,30,3
8,16,23,7,30,3
8,16,23,8,30,3
8,16,28,10,30,3
8,16,28,11,30,3
8,16,28,12,30,3
8,16,28,13,30,3
8,16,28,14,30,3
8,16,33,16,30,3
8,16,33,17,30,3
8,16,33,18,30,3
8,16,33,19,30,3
8,16,38,21,30,3
8,16,38,22,30,3
8,16,38,23,30,3
8,16,38,24,30,3
8,16,38,25,30,3
8,16,43,28,30,3
8,16,43,29,30,3
8,16,43,30,30,3
8,16,43,31,30,3
8,16,48,33,30,3
8,16,48,34,30,3
8,16,48,35,30,3
8,16,48,36,30,3
8,16,53,38,30,3
8,16,53,39,30,3
8,16,53,40,30,3
8,16,53,41,30,3
8,16,53,42,30,3
8,16,58,44,30,3
8,16,58,46,30,3
8,16,58,47,30,3
8,16,58,48,30,3
9,17,3,49,30,3
9,17,3,50,30,3
9,17,3,51,30,3
9,17,3,52,30,3
9,17,3,53,30,3
9,17,8,55,30,3
9,17,8,56,30,3
9,17,8,57,30,3
9,17,8,58,30,3
9,17,8,59,30,3
9,17,14,1,30,3
9,17,14,2,30,3
9,17,14,3,30,3
9,17,14,4,30,3
9,17,19,6,30,3
9,17,19,7,30,3
9,17,19,8,30,3
9,17,19,9,30,3
9,17,19,10,30,3
9,17,24,13,30,3
9,17,24,14,30,3
9,17,24,15,30,3
9,17,24,16,30,3
9,17,29,18,30,3
9,17,29,19,30,3
9,17,29,20,30,3
9,17,29,21,30,3
9,17,34,23,30,3
9,17,34,24,30,3
9,17,34,25,30,3
9,17,34,26,30,3
9,17,34,27,30,3
9,17,39,30,30,3
9,17,39,31,30,3
9,17,39,32,30,3
9,17,39,33,30,3
9,17,44,35,30,3
9,17,44,36,30,3
9,17,44,37,30,3
9,17,44,38,30,3
10,17,49,40,30,3
10,17,49,41,30,3
10,17,49,42,30,3
10,17,49,43,30,3
10,17,49,44,30,3
9,17,54,47,30,3
9,17,54,48,30,3
9,17,54,49,30,3
9,17,54,50,30,3
9,17,59,51,30,3
9,17,59,52,30,3
9,17,59,53,30,3
9,17,59,54,30,3
9,17,59,55,30,3
9,18,4,58,30,3
9,18,4,59,30,3
9,18,5,0,30,3
9,18,5,1,30,3
9,18,10,3,30,3
9,18,10,4,30,3
9,18,10,5,30,3
9,18,10,6,30,3
9,18,15,8,30,3
9,18,15,9,30,3
9,18,15,10,30,3
9,18,15,11,30,3
9,18,15,12,30,3
9,18,20,15,30,3
9,18,20,16,30,3
9,18,20,17,30,3
9,18,20,18,30,3
9,18,25,19,30,3
9,18,25,20,30,3
9,18,25,21,30,3
9,18,25,22,30,3
9,18,25,23,30,3
9,18,30,26,30,3
9,18,30,27,30,3
9,18,30,28,30,3
9,18,30,29,30,3
9,18,35,30,30,3
9,18,35,31,30,3
9,18,35,32,30,3
9,18,35,33,30,3
9,18,35,34,30,3
10,18,40,37,30,3
10,18,40,38,30,3
10,18,40,39,30,3
10,18,40,40,30,3
10,18,45,41,30,3
10,18,45,42,30,3
10,18,45,43,30,3
10,18,45,44,30,3
10,18,45,45,30,3
9,18,50,48,30,3
9,18,50,49,30,3
9,18,50,50,30,3
9,18,50,51,30,3
9,18,55,52,30,3
9,18,55,53,30,3
9,18,55,54,30,3
9,18,55,55,30,3
9,18,55,56,30,3
9,19,1,1,30,3
9,19,1,2,30,3
9,19,6,5,30,3
9,19,6,6,30,3
9,19,6,7,30,3
9,19,6,8,30,3
9,19,11,9,30,3
9,19,11,10,30,3
9,19,11,11,30,3
9,19,11,12,30,3
9,19,11,13,30,3
9,19,16,16,30,3
9,19,16,17,30,3
9,19,16,18,30,3
9,19,16,19,30,3
9,19,21,20,30,3
9,19,21,21,30,3
9,19,21,22,30,3
9,19,21,23,30,3
9,19,21,24,30,3
9,19,26,26,30,3
9,19,26,27,30,3
9,19,26,28,30,3
9,19,26,29,30,3
9,19,26,30,30,3
9,19,31,33,30,3
9,19,31,34,30,3
9,19,31,35,30,3
9,19,31,36,30,3
9,19,36,37,30,3
9,19,36,38,30,3
9,19,36,39,30,3
9,19,36,40,30,3
9,19,36,41,30,3
9,19,41,44,30,3
9,19,41,45,30,3
9,19,41,46,30,3
9,19,41,47,30,3
9,19,46,48,30,3
9,19,46,49,30,3
9,19,46,50,30,3
9,19,46,51,30,3
9,19,46,52,30,3
8,19,51,55,30,3
8,19,51,56,30,3
8,19,51,57,30,3
8,19,51,58,30,3
8,19,57,1,30,3
8,19,57,2,30,3
8,19,57,3,30,3
8,19,57,4,30,3
8,20,2,5,30,3
8,20,2,6,30,3
8,20,2,7,30,3
8,20,2,8,30,3
8,20,2,9,30,3
9,20,7,12,30,3
9,20,7,13,30,3
9,20,7,14,30,3
9,20,7,15,30,3
8,20,12,16,30,3
8,20,12,17,30,3
8,20,12,18,30,3
8,20,12,19,30,3
8,20,12,20,30,3
9,20,17,23,30,3
9,20,17,24,30,3
9,20,17,25,30,3
9,20,17,26,30,3
9,20,22,29,30,3
9,20,22,30,30,3
9,20,22,31,30,3
9,20,22,32,30,3
9,20,27,33,30,3
9,20,27,34,30,3
9,20,27,35,30,3
9,20,27,36,30,3
9,20,27,37,30,3
9,20,32,40,30,3
9,20,32,41,30,3
9,20,32,42,30,3
9,20,32,43,30,3
8,20,37,45,30,3
8,20,37,46,30,3
8,20,37,47,30,3
8,20,37,48,30,3
8,20,37,49,30,3
8,20,42,50,30,3
8,20,42,51,30,3
8,20,42,52,30,3
8,20,42,53,30,3
8,20,42,54,30,3
9,20,47,57,30,3
9,20,47,58,30,3
9,20,47,59,30,3
9,20,48,0,30,3
9,20,53,2,30,3
9,20,53,3,30,3
9,20,53,4,30,3
9,20,53,5,30,3
9,20,53,6,30,3
8,20,58,8,30,3
8,20,58,9,30,3
8,20,58,10,30,3
8,20,58,11,30,3
9,21,3,13,30,3
9,21,3,14,30,3
9,21,3,15,30,3
9,21,3,16,30,3
9,21,3,17,30,3
9,21,8,18,30,3
9,21,8,19,30,3
9,21,8,20,30,3
9,21,8,21,30,3
9,21,8,22,30,3
9,21,13,25,30,3
9,21,13,26,30,3
9,21,13,27,30,3
9,21,13,28,30,3
9,21,18,29,30,3
9,21,18,30,30,3
9,21,18,31,30,3
9,21,18,32,30,3
9,21,18,33,30,3
9,21,23,36,30,3
9,21,23,37,30,3
9,21,23,38,30,3
9,21,23,39,30,3
9,21,28,41,30,3
9,21,28,42,30,3
9,21,28,43,30,3
9,21,28,44,30,3
9,21,28,45,30,3
9,21,33,46,30,3
9,21,33,47,30,3
9,21,33,48,30,3
9,21,33,49,30,3
9,21,33,50,30,3
9,21,38,53,30,3
9,21,38,54,30,3
9,21,38,55,30,3
9,21,38,56,30,3
9,21,43,57,30,3
9,21,43,58,30,3
9,21,44,0,30,3
9,21,44,1,30,3
9,21,44,2,30,3
9,21,49,4,30,3
9,21,49,5,30,3
9,21,49,6,30,3
9,21,49,7,30,3
10,21,54,9,30,3
10,21,54,10,30,3
10,21,54,11,30,3
10,21,54,12,30,3
10,21,54,13,30,3
10,21,59,15,30,3
10,21,59,16,30,3
11,22,4,21,30,3
11,22,4,22,30,3
11,22,4,23,30,3
11,22,4,24,30,3
11,22,9,26,30,3
11,22,9,27,30,3
11,22,9,28,30,3
11,22,9,29,30,3
11,22,9,30,30,3
11,22,14,32,30,3
11,22,14,33,30,3
11,22,14,34,30,3
11,22,14,35,30,3
11,22,19,37,30,3
11,22,19,38,30,3
11,22,19,39,30,3
11,22,19,40,30,3
11,22,19,41,30,3
11,22,24,43,30,3
11,22,24,44,30,3
11,22,24,45,30,3
11,22,24,46,30,3
11,22,29,49,30,3
11,22,29,50,30,3
11,22,29,51,30,3
11,22,29,52,30,3
11,22,34,54,30,3
11,22,34,55,30,3
11,22,34,56,30,3
11,22,34,57,30,3
11,22,34,58,30,3
11,22,40,0,30,3
11,22,40,1,30,3
11,22,40,2,30,3
11,22,40,3,30,3
11,22,45,6,30,3
11,22,45,7,30,3
11,22,45,8,30,3
11,22,45,9,30,3
11,22,50,11,30,3
11,22,50,12,30,3
11,22,50,13,30,3
11,22,50,14,30,3
11,22,50,15,30,3
12,22,55,17,30,3
12,22,55,18,30,3
12,22,55,19,30,3
12,22,55,20,30,3
13,23,0,22,30,3
13,23,0,23,30,3
13,23,0,24,30,3
13,23,0,25,30,3
13,23,0,26,30,3
13,23,5,28,30,3
13,23,5,29,30,3
13,23,5,30,30,3
13,23,5,31,30,3
12,23,10,34,30,3
12,23,10,35,30,3
12,23,10,36,30,3
12,23,10,37,30,3
10,23,15,39,30,3
10,23,15,40,30,3
10,23,15,41,30,3
10,23,15,42,30,3
10,23,15,43,30,3
11,23,20,45,30,3
11,23,20,46,30,3
11,23,20,47,30,3
11,23,20,48,30,3
12,23,25,50,30,3
12,23,25,51,30,3
12,23,25,52,30,3
12,23,25,53,30,3
12,23,25,54,30,3
11,23,30,56,30,3
11,23,30,57,30,3
11,23,30,58,30,3
11,23,30,59,30,3
11,23,31,0,30,3
10,23,36,2,30,3
10,23,36,3,30,3
10,23,36,4,30,3
10,23,36,5,30,3
11,23,41,7,30,3
11,23,41,8,30,3
11,23,41,9,30,3
11,23,41,10,30,3
11,23,41,11,30,3
12,23,46,14,30,3
12,23,46,15,30,3
12,23,46,16,30,3
12,23,46,17,30,3
12,23,51,19,30,3
12,23,51,20,30,3
12,23,51,21,30,3
12,23,51,22,30,3
11,23,56,24,30,3
11,23,56,25,30,3
11,23,56,26,30,3
11,23,56,27,30,3
11,23,56,28,30,3
10,0,1,30,31,3
10,0,1,31,31,3
10,0,1,32,31,3
10,0,1,33,31,3
10,0,6,35,31,3
10,0,6,36,31,3
10,0,6,37,31,3
10,0,6,38,31,3
10,0,6,39,31,3
10,0,11,41,31,3
10,0,11,42,31,3
10,0,11,43,31,3
10,0,11,44,31,3
9,0,16,46,31,3
9,0,16,47,31,3
9,0,16,48,31,3
9,0,16,49,31,3
9,0,16,50,31,3
9,0,21,52,31,3
9,0,21,53,31,3
9,0,21,54,31,3
9,0,21,55,31,3
9,0,21,56,31,3
9,0,26,58,31,3
9,0,26,59,31,3
9,0,27,0,31,3
9,0,27,1,31,3
9,0,32,3,31,3
9,0,32,4,31,3
9,0,32,5,31,3
9,0,32,6,31,3
9,0,32,7,31,3
8,0,37,10,31,3
8,0,37,11,31,3
8,0,37,12,31,3
8,0,37,13,31,3
8,0,42,15,31,3
8,0,42,16,31,3
8,0,42,17,31,3
8,0,42,18,31,3
7,0,47,20,31,3
7,0,47,21,31,3
7,0,47,22,31,3
7,0,47,23,31,3
7,0,47,24,31,3
7,0,52,26,31,3
7,0,52,27,31,3
7,0,52,28,31,3
7,0,52,29,31,3
7,0,57,31,31,3
7,0,57,32,31,3
7,0,57,33,31,3
7,0,57,34,31,3
7,0,57,35,31,3
7,1,2,38,31,3
7,1,2,39,31,3
7,1,2,40,31,3
7,1,2,41,31,3
7,1,7,43,31,3
7,1,7,44,31,3
7,1,7,45,31,3
7,1,7,46,31,3
8,1,12,48,31,3
8,1,12,49,31,3
8,1,12,50,31,3
8,1,12,51,31,3
8,1,12,52,31,3
8,1,17,55,31,3
8,1,17,56,31,3
8,1,17,57,31,3
8,1,17,58,31,3
8,1,22,59,31,3
8,1,23,0,31,3
8,1,23,1,31,3
8,1,23,2,31,3
8,1,23,3,31,3
8,1,28,5,31,3
8,1,28,6,31,3
8,1,28,7,31,3
8,1,28,8,31,3
8,1,28,9,31,3
8,1,33,11,31,3
8,1,33,12,31,3
8,1,33,13,31,3
8,1,33,14,31,3
8,1,38,16,31,3
8,1,38,17,31,3
8,1,38,18,31,3
8,1,38,19,31,3
8,1,38,20,31,3
8,1,43,23,31,3
8,1,43,24,31,3
8,1,43,25,31,3
8,1,43,26,31,3
8,1,48,28,31,3
8,1,48,29,31,3
8,1,48,30,31,3
8,1,48,31,31,3
8,1,53,33,31,3
8,1,53,34,31,3
8,1,53,35,31,3
8,1,53,36,31,3
8,1,53,37,31,3
8,1,58,40,31,3
8,1,58,41,31,3
8,1,58,42,31,3
8,1,58,43,31,3
8,2,3,44,31,3
8,2,3,45,31,3
8,2,3,46,31,3
8,2,3,47,31,3
8,2,3,48,31,3
8,2,8,50,31,3
8,2,8,51,31,3
8,2,8,52,31,3
8,2,8,53,31,3
8,2,8,54,31,3
8,2,13,57,31,3
8,2,13,58,31,3
8,2,13,59,31,3
8,2,14,0,31,3
8,2,19,1,31,3
8,2,19,2,31,3
8,2,19,3,31,3
8,2,19,4,31,3
8,2,19,5,31,3
9,2,24,8,31,3
9,2,24,9,31,3
9,2,24,10,31,3
9,2,24,11,31,3
9,2,29,12,31,3
9,2,29,13,31,3
9,2,29,14,31,3
9,2,29,15,31,3
9,2,29,16,31,3
9,2,34,19,31,3
9,2,34,20,31,3
9,2,34,21,31,3
9,2,34,22,31,3
9,2,39,25,31,3
9,2,39,26,31,3
9,2,39,27,31,3
9,2,39,28,31,3
9,2,44,29,31,3
9,2,44,30,31,3
9,2,44,31,31,3
9,2,44,32,31,3
9,2,44,33,31,3
9,2,49,36,31,3
9,2,49,37,31,3
9,2,49,38,31,3
9,2,49,39,31,3
9,2,54,40,31,3
9,2,54,41,31,3
9,2,54,42,31,3
9,2,54,43,31,3
9,2,54,44,31,3
10,3,4,53,31,3
10,3,4,54,31,3
10,3,4,55,31,3
10,3,4,56,31,3
9,3,9,57,31,3
9,3,9,58,31,3
9,3,9,59,31,3
9,3,10,0,31,3
9,3,10,1,31,3
9,3,15,4,31,3
9,3,15,5,31,3
9,3,15,6,31,3
9,3,15,7,31,3
9,3,20,9,31,3
9,3,20,10,31,3
9,3,20,11,31,3
9,3,20,12,31,3
9,3,20,13,31,3
10,3,25,14,31,3
10,3,25,15,31,3
10,3,25,16,31,3
10,3,25,17,31,3
10,3,25,18,31,3
9,3,30,21,31,3
9,3,30,22,31,3
9,3,30,23,31,3
9,3,30,24,31,3
9,3,35,25,31,3
9,3,35,26,31,3
9,3,35,27,31,3
9,3,35,28,31,3
9,3,35,29,31,3
9,3,40,32,31,3
9,3,40,33,31,3
9,3,40,34,31,3
9,3,40,35,31,3
9,3,45,38,31,3
9,3,45,39,31,3
9,3,45,40,31,3
9,3,45,41,31,3
10,3,50,42,31,3
10,3,50,43,31,3
10,3,50,44,31,3
10,3,50,45,31,3
10,3,50,46,31,3
10,3,55,49,31,3
10,3,55,50,31,3
10,3,55,51,31,3
10,3,55,52,31,3
9,4,0,53,31,3
9,4,0,54,31,3
9,4,0,55,31,3
9,4,0,56,31,3
9,4,0,57,31,3
9,4,6,0,31,3
9,4,6,1,31,3
9,4,6,2,31,3
9,4,6,3,31,3
9,4,11,6,31,3
9,4,11,7,31,3
9,4,11,8,31,3
9,4,11,9,31,3
9,4,16,10,31,3
9,4,16,11,31,3
9,4,16,12,31,3
9,4,16,13,31,3
9,4,16,14,31,3
9,4,21,17,31,3
9,4,21,18,31,3
9,4,21,19,31,3
9,4,21,20,31,3
9,4,26,21,31,3
9,4,26,22,31,3
9,4,26,24,31,3
9,4,26,25,31,3
9,4,26,26,31,3
9,4,31,28,31,3
9,4,31,29,31,3
9,4,31,30,31,3
9,4,31,31,31,3
10,4,36,34,31,3
10,4,36,35,31,3
10,4,36,36,31,3
10,4,36,37,31,3
9,4,41,38,31,3
9,4,41,39,31,3
9,4,41,40,31,3
9,4,41,41,31,3
9,4,41,42,31,3
9,4,46,45,31,3
9,4,46,46,31,3
9,4,46,47,31,3
9,4,46,48,31,3
9,4,51,50,31,3
9,4,51,51,31,3
9,4,51,52,31,3
9,4,51,53,31,3
9,4,51,54,31,3
10,4,56,56,31,3
10,4,56,57,31,3
10,4,56,58,31,3
10,4,56,59,31,3
9,5,2,2,31,3
9,5,2,3,31,3
9,5,2,4,31,3
9,5,2,5,31,3
10,5,7,7,31,3
10,5,7,8,31,3
10,5,7,9,31,3
10,5,7,10,31,3
10,5,7,11,31,3
9,5,12,13,31,3
9,5,12,14,31,3
9,5,12,15,31,3
9,5,12,16,31,3
10,5,17,19,31,3
10,5,17,20,31,3
10,5,17,21,31,3
10,5,17,22,31,3
10,5,22,23,31,3
10,5,22,24,31,3
10,5,22,25,31,3
10,5,22,26,31,3
10,5,22,27,31,3
10,5,27,30,31,3
10,5,27,31,31,3
10,5,27,32,31,3
10,5,27,33,31,3
10,5,32,35,31,3
10,5,32,36,31,3
10,5,32,37,31,3
10,5,32,38,31,3
10,5,32,39,31,3
10,5,42,47,31,3
10,5,42,48,31,3
10,5,42,49,31,3
10,5,42,50,31,3
10,5,47,52,31,3
10,5,47,53,31,3
10,5,47,54,31,3
10,5,47,55,31,3
10,5,47,56,31,3
10,5,52,58,31,3
10,5,52,59,31,3
10,5,53,0,31,3
10,5,53,1,31,3
10,5,58,3,31,3
10,5,58,4,31,3
10,5,58,5,31,3
10,5,58,6,31,3
10,5,58,7,31,3
10,6,3,9,31,3
10,6,3,10,31,3
10,6,3,11,31,3
10,6,3,12,31,3
11,6,8,15,31,3
11,6,8,16,31,3
11,6,8,17,31,3
11,6,8,18,31,3
11,6,13,19,31,3
11,6,13,21,31,3
11,6,13,22,31,3
11,6,13,23,31,3
11,6,13,24,31,3
10,6,18,26,31,3
10,6,18,27,31,3
10,6,18,28,31,3
10,6,18,29,31,3
10,6,23,31,31,3
10,6,23,32,31,3
10,6,23,33,31,3
10,6,23,34,31,3
10,6,23,35,31,3
11,6,28,37,31,3
11,6,28,38,31,3
11,6,28,39,31,3
11,6,28,40,31,3
11,6,33,42,31,3
11,6,33,43,31,3
11,6,33,44,31,3
11,6,33,45,31,3
11,6,33,46,31,3
11,6,38,48,31,3
11,6,38,49,31,3
11,6,38,50,31,3
11,6,38,51,31,3
11,6,43,54,31,3
11,6,43,55,31,3
11,6,43,56,31,3
11,6,43,57,31,3
11,6,48,59,31,3
11,6,49,0,31,3
11,6,49,1,31,3
11,6,49,2,31,3
11,6,49,3,31,3
11,6,54,5,31,3
11,6,54,6,31,3
11,6,54,7,31,3
11,6,54,8,31,3
12,6,59,10,31,3
12,6,59,11,31,3
12,6,59,12,31,3
12,6,59,13,31,3
12,6,59,14,31,3
11,7,4,17,31,3
11,7,4,18,31,3
11,7,4,19,31,3
11,7,4,20,31,3
11,7,9,21,31,3
11,7,9,22,31,3
11,7,9,23,31,3
11,7,9,24,31,3
11,7,9,25,31,3
12,7,14,27,31,3
12,7,14,28,31,3
12,7,14,29,31,3
12,7,14,30,31,3
12,7,14,31,31,3
13,7,19,33,31,3
13,7,19,34,31,3
13,7,19,35,31,3
13,7,19,36,31,3
13,7,24,38,31,3
13,7,24,39,31,3
13,7,24,40,31,3
13,7,24,41,31,3
13,7,24,42,31,3
12,7,29,45,31,3
12,7,29,46,31,3
12,7,29,47,31,3
12,7,29,48,31,3
13,7,34,50,31,3
13,7,34,51,31,3
13,7,34,52,31,3
13,7,34,53,31,3
12,7,39,55,31,3
12,7,39,56,31,3
12,7,39,57,31,3
12,7,39,58,31,3
12,7,39,59,31,3
13,7,45,1,31,3
13,7,45,2,31,3
13,7,45,3,31,3
13,7,45,4,31,3
13,7,50,6,31,3
13,7,50,7,31,3
13,7,50,8,31,3
13,7,50,9,31,3
13,7,50,10,31,3
13,7,55,12,31,3
13,7,55,13,31,3
13,7,55,14,31,3
13,7,55,15,31,3
13,7,55,16,31,3
14,8,0,18,31,3
14,8,0,19,31,3
14,8,0,20,31,3
14,8,0,21,31,3
13,8,5,23,31,3
13,8,5,24,31,3
13,8,5,25,31,3
13,8,5,26,31,3
13,8,5,27,31,3
14,8,10,29,31,3
14,8,10,30,31,3
14,8,10,31,31,3
14,8,10,32,31,3
14,8,15,34,31,3
15,8,15,35,31,3
15,8,15,36,31,3
14,8,15,37,31,3
14,8,15,38,31,3
14,8,20,43,31,3
14,8,20,44,31,3
14,8,25,46,31,3
14,8,25,47,31,3
14,8,25,48,31,3
14,8,25,49,31,3
15,8,30,51,31,3
15,8,30,52,31,3
15,8,30,53,31,3
15,8,30,54,31,3
15,8,30,55,31,3
14,8,35,57,31,3
14,8,35,58,31,3
14,8,35,59,31,3
14,8,36,0,31,3
14,8,41,2,31,3
14,8,41,3,31,3
14,8,41,4,31,3
14,8,41,5,31,3
14,8,41,6,31,3
14,8,46,9,31,3
14,8,46,10,31,3
14,8,46,11,31,3
14,8,46,12,31,3
14,8,51,13,31,3
14,8,51,14,31,3
14,8,51,15,31,3
14,8,51,16,31,3
14,8,51,17,31,3
14,8,56,23,31,3
15,9,1,25,31,3
15,9,1,26,31,3
15,9,1,27,31,3
15,9,1,28,31,3
14,9,6,30,31,3
15,9,6,31,31,3
14,9,6,32,31,3
15,9,6,33,31,3
15,9,6,34,31,3
14,9,11,37,31,3
14,9,11,38,31,3
14,9,11,39,31,3
14,9,11,40,31,3
14,9,16,41,31,3
14,9,16,42,31,3
14,9,16,43,31,3
14,9,16,44,31,3
14,9,16,45,31,3
16,9,21,48,31,3
16,9,21,49,31,3
16,9,21,50,31,3
16,9,21,51,31,3
15,9,26,53,31,3
15,9,26,54,31,3
15,9,26,55,31,3
15,9,26,56,31,3
16,9,31,58,31,3
16,9,31,59,31,3
16,9,32,0,31,3
16,9,32,1,31,3
16,9,32,2,31,3
16,9,37,5,31,3
16,9,37,6,31,3
17,9,37,7,31,3
17,9,37,8,31,3
16,9,42,9,31,3
16,9,42,10,31,3
16,9,42,11,31,3
16,9,42,12,31,3
16,9,42,13,31,3
16,9,47,15,31,3
16,9,47,16,31,3
16,9,47,17,31,3
16,9,47,18,31,3
16,9,47,19,31,3
16,9,52,22,31,3
16,9,52,23,31,3
16,9,52,24,31,3
16,9,52,25,31,3
17,9,57,26,31,3
17,9,57,27,31,3
17,9,57,28,31,3
17,9,57,29,31,3
17,9,57,30,31,3
17,10,2,33,31,3
17,10,2,34,31,3
17,10,2,35,31,3
17,10,2,36,31,3
18,10,7,39,31,3
18,10,7,40,31,3
18,10,7,41,31,3
18,10,7,42,31,3
18,10,12,43,31,3
18,10,12,44,31,3
18,10,12,45,31,3
18,10,12,46,31,3
18,10,12,47,31,3
17,10,17,50,31,3
17,10,17,51,31,3
17,10,17,52,31,3
17,10,17,53,31,3
17,10,22,54,31,3
17,10,22,55,31,3
17,10,22,56,31,3
17,10,22,57,31,3
17,10,22,59,31,3
17,10,28,0,31,3
17,10,28,1,31,3
17,10,28,2,31,3
17,10,28,3,31,3
17,10,28,4,31,3
18,10,33,7,31,3
18,10,33,8,31,3
18,10,33,9,31,3
18,10,33,10,31,3
18,10,38,11,31,3
18,10,38,12,31,3
18,10,38,13,31,3
18,10,38,14,31,3
18,10,38,15,31,3
18,10,43,18,31,3
18,10,43,19,31,3
18,10,43,20,31,3
18,10,43,21,31,3
17,10,48,24,31,3
17,10,48,25,31,3
17,10,48,26,31,3
17,10,48,27,31,3
17,10,53,28,31,3
17,10,53,29,31,3
17,10,53,30,31,3
17,10,53,31,31,3
17,10,53,32,31,3
17,10,58,35,31,3
17,10,58,36,31,3
17,10,58,37,31,3
17,10,58,38,31,3
17,11,3,39,31,3
17,11,3,40,31,3
17,11,3,41,31,3
17,11,3,42,31,3
17,11,3,43,31,3
17,11,8,46,31,3
17,11,8,47,31,3
17,11,8,48,31,3
17,11,8,49,31,3
16,11,13,51,31,3
16,11,13,52,31,3
16,11,13,53,31,3
16,11,13,54,31,3
16,11,13,55,31,3
16,11,19,0,31,3
17,11,24,3,31,3
17,11,24,4,31,3
17,11,24,5,31,3
17,11,24,6,31,3
15,11,29,7,31,3
15,11,29,8,31,3
15,11,29,9,31,3
15,11,29,10,31,3
15,11,29,11,31,3
16,11,34,14,31,3
16,11,34,15,31,3
16,11,34,16,31,3
16,11,34,17,31,3
16,11,39,20,31,3
16,11,39,21,31,3
16,11,39,22,31,3
16,11,39,23,31,3
16,11,44,24,31,3
16,11,44,25,31,3
16,11,44,26,31,3
16,11,44,27,31,3
16,11,44,28,31,3
15,11,49,31,31,3
15,11,49,32,31,3
15,11,49,33,31,3
15,11,49,34,31,3
15,11,54,36,31,3
15,11,54,37,31,3
15,11,54,38,31,3
15,11,54,39,31,3
15,11,54,40,31,3
16,11,59,41,31,3
16,11,59,42,31,3
16,11,59,43,31,3
16,11,59,44,31,3
16,11,59,45,31,3
15,12,4,48,31,3
15,12,4,49,31,3
15,12,4,50,31,3
15,12,4,51,31,3
16,12,9,53,31,3
16,12,9,54,31,3
16,12,9,55,31,3
16,12,9,56,31,3
16,12,9,57,31,3
19,12,14,59,31,3
19,12,15,0,31,3
19,12,15,1,31,3
19,12,15,2,31,3
16,12,20,5,31,3
16,12,20,6,31,3
16,12,20,7,31,3
16,12,20,8,31,3
16,12,25,9,31,3
17,12,25,10,31,3
17,12,25,11,31,3
17,12,25,12,31,3
17,12,25,13,31,3
17,12,30,16,31,3
17,12,30,17,31,3
17,12,30,18,31,3
17,12,30,19,31,3
18,12,35,21,31,3
18,12,35,22,31,3
18,12,35,23,31,3
18,12,35,24,31,3
18,12,35,25,31,3
17,12,40,28,31,3
17,12,40,30,31,3
18,12,45,33,31,3
18,12,45,34,31,3
18,12,45,35,31,3
18,12,45,36,31,3
18,12,50,38,31,3
18,12,50,39,31,3
18,12,50,40,31,3
18,12,50,41,31,3
18,12,50,42,31,3
18,12,55,44,31,3
18,12,55,45,31,3
18,12,55,46,31,3
18,12,55,47,31,3
18,13,0,49,31,3
18,13,0,50,31,3
18,13,0,51,31,3
18,13,0,52,31,3
18,13,0,53,31,3
18,13,5,55,31,3
18,13,5,56,31,3
18,13,5,57,31,3
18,13,5,58,31,3
18,13,11,1,31,3
18,13,11,2,31,3
17,13,11,3,31,3
17,13,11,4,31,3
18,13,16,5,31,3
18,13,16,6,31,3
18,13,16,7,31,3
18,13,16,8,31,3
18,13,16,9,31,3
18,13,21,12,31,3
18,13,21,13,31,3
18,13,21,14,31,3
18,13,21,15,31,3
19,13,26,17,31,3
19,13,26,18,31,3
19,13,26,19,31,3
19,13,26,20,31,3
19,13,26,21,31,3
18,13,31,23,31,3
18,13,31,24,31,3
18,13,31,25,31,3
18,13,31,26,31,3
18,13,36,28,31,3
18,13,36,29,31,3
18,13,36,30,31,3
18,13,36,31,31,3
18,13,36,32,31,3
18,13,41,34,31,3
18,13,41,35,31,3
18,13,41,36,31,3
18,13,41,37,31,3
18,13,41,38,31,3
18,13,46,40,31,3
18,13,46,41,31,3
18,13,46,42,31,3
18,13,46,43,31,3
18,13,51,45,31,3
18,13,51,46,31,3
18,13,51,47,31,3
18,13,51,48,31,3
18,13,51,49,31,3
17,13,56,51,31,3
17,13,56,52,31,3
17,13,56,53,31,3
17,13,56,54,31,3
18,14,1,57,31,3
18,14,1,58,31,3
18,14,1,59,31,3
18,14,2,0,31,3
18,14,7,2,31,3
18,14,7,3,31,3
18,14,7,4,31,3
18,14,7,5,31,3
18,14,7,6,31,3
18,14,12,8,31,3
18,14,12,9,31,3
18,14,12,10,31,3
18,14,12,11,31,3
17,14,17,13,31,3
17,14,17,14,31,3
17,14,17,15,31,3
17,14,17,16,31,3
17,14,17,17,31,3
17,14,22,19,31,3
17,14,22,20,31,3
17,14,22,21,31,3
17,14,22,22,31,3
16,14,27,24,31,3
16,14,27,25,31,3
16,14,27,26,31,3
16,14,27,27,31,3
16,14,27,28,31,3
16,14,32,30,31,3
16,14,32,31,31,3
16,14,32,32,31,3
16,14,32,33,31,3
16,14,32,34,31,3
16,14,37,36,31,3
16,14,37,37,31,3
16,14,37,38,31,3
16,14,37,39,31,3
15,14,42,41,31,3
15,14,42,42,31,3
15,14,42,43,31,3
15,14,42,44,31,3
15,14,42,45,31,3
15,14,47,47,31,3
15,14,47,49,31,3
15,14,47,50,31,3
15,14,47,51,31,3
15,14,52,53,31,3
15,14,52,54,31,3
15,14,52,55,31,3
15,14,52,56,31,3
14,14,57,58,31,3
14,14,57,59,31,3
14,14,58,0,31,3
14,14,58,1,31,3
14,14,58,2,31,3
14,15,3,4,31,3
14,15,3,5,31,3
14,15,3,6,31,3
14,15,3,7,31,3
14,15,8,9,31,3
14,15,8,10,31,3
14,15,8,11,31,3
14,15,8,12,31,3
14,15,8,13,31,3
14,15,13,17,31,3
14,15,13,18,31,3
14,15,13,19,31,3
14,15,18,21,31,3
14,15,18,22,31,3
14,15,18,23,31,3
14,15,18,24,31,3
15,15,23,26,31,3
15,15,23,27,31,3
15,15,23,28,31,3
15,15,23,29,31,3
15,15,23,30,31,3
14,15,28,33,31,3
14,15,28,34,31,3
14,15,28,35,31,3
14,15,28,36,31,3
14,15,33,37,31,3
14,15,33,38,31,3
14,15,33,39,31,3
14,15,33,40,31,3
14,15,33,41,31,3
14,15,38,44,31,3
14,15,38,45,31,3
15,15,43,49,31,3
15,15,43,50,31,3
14,15,43,51,31,3
14,15,43,52,31,3
15,15,48,54,31,3
15,15,48,55,31,3
15,15,48,56,31,3
15,15,48,57,31,3
15,15,48,58,31,3
15,15,54,1,31,3
15,15,54,2,31,3
15,15,54,3,31,3
14,15,54,4,31,3
15,15,59,5,31,3
15,15,59,6,31,3
15,15,59,7,31,3
15,15,59,8,31,3
15,15,59,9,31,3
15,16,4,13,31,3
15,16,4,14,31,3
15,16,4,15,31,3
15,16,9,17,31,3
15,16,9,18,31,3
15,16,9,19,31,3
15,16,9,20,31,3
15,16,14,22,31,3
15,16,14,23,31,3
15,16,14,24,31,3
15,16,14,25,31,3
15,16,14,26,31,3
15,16,19,29,31,3
15,16,19,30,31,3
15,16,19,31,31,3
15,16,19,32,31,3
16,16,24,33,31,3
16,16,24,34,31,3
16,16,24,35,31,3
16,16,24,36,31,3
16,16,24,37,31,3
15,16,29,40,31,3
15,16,29,41,31,3
16,16,34,45,31,3
16,16,34,46,31,3
16,16,34,47,31,3
16,16,34,48,31,3
16,16,39,50,31,3
16,16,39,51,31,3
16,16,39,52,31,3
16,16,39,53,31,3
16,16,39,54,31,3
16,16,44,57,31,3
16,16,44,58,31,3
16,16,44,59,31,3
16,16,45,0,31,3
16,16,50,1,31,3
16,16,50,2,31,3
16,16,50,3,31,3
16,16,50,4,31,3
16,16,50,5,31,3
16,16,55,8,31,3
16,16,55,9,31,3
16,16,55,10,31,3
16,17,0,13,31,3
16,17,0,14,31,3
16,17,0,15,31,3
16,17,0,16,31,3
17,17,5,18,31,3
17,17,5,19,31,3
17,17,5,20,31,3
17,17,5,21,31,3
17,17,5,22,31,3
17,17,10,25,31,3
17,17,10,26,31,3
17,17,10,27,31,3
17,17,10,28,31,3
17,17,15,29,31,3
17,17,15,30,31,3
17,17,15,31,31,3
17,17,15,32,31,3
17,17,15,33,31,3
17,17,20,36,31,3
17,17,20,37,31,3
17,17,20,38,31,3
17,17,20,39,31,3
17,17,25,40,31,3
17,17,25,41,31,3
17,17,25,42,31,3
17,17,25,43,31,3
17,17,25,44,31,3
17,17,30,46,31,3
17,17,30,47,31,3
17,17,30,48,31,3
17,17,30,49,31,3
17,17,30,50,31,3
17,17,35,53,31,3
17,17,35,54,31,3
17,17,35,55,31,3
17,17,35,56,31,3
17,17,40,57,31,3
17,17,40,58,31,3
17,17,40,59,31,3
17,17,41,0,31,3
17,17,41,1,31,3
18,17,46,4,31,3
18,17,46,5,31,3
18,17,46,6,31,3
18,17,46,7,31,3
17,17,51,8,31,3
17,17,51,9,31,3
17,17,51,10,31,3
17,17,51,11,31,3
17,17,51,12,31,3
18,17,56,15,31,3
18,17,56,16,31,3
18,17,56,17,31,3
18,17,56,18,31,3
17,18,1,19,31,3
17,18,1,20,31,3
17,18,1,21,31,3
17,18,1,22,31,3
17,18,1,23,31,3
17,18,6,25,31,3
17,18,6,26,31,3
17,18,6,27,31,3
17,18,6,28,31,3
17,18,6,29,31,3
18,18,11,32,31,3
18,18,11,33,31,3
18,18,11,34,31,3
18,18,11,35,31,3
18,18,16,36,31,3
18,18,16,37,31,3
18,18,16,38,31,3
18,18,16,39,31,3
18,18,16,40,31,3
18,18,21,46,31,3
18,18,26,49,31,3
18,18,26,50,31,3
18,18,26,51,31,3
18,18,26,52,31,3
18,18,31,53,31,3
18,18,31,54,31,3
18,18,31,55,31,3
18,18,31,56,31,3
18,18,31,57,31,3
19,18,37,0,31,3
19,18,37,1,31,3
19,18,37,2,31,3
19,18,37,3,31,3
18,18,42,6,31,3
18,18,42,7,31,3
18,18,42,8,31,3
18,18,42,9,31,3
19,18,47,10,31,3
19,18,47,11,31,3
19,18,47,12,31,3
19,18,47,13,31,3
19,18,47,14,31,3
19,18,52,17,31,3
19,18,52,18,31,3
19,18,52,19,31,3
19,18,52,20,31,3
19,18,57,21,31,3
19,18,57,22,31,3
19,18,57,23,31,3
19,18,57,24,31,3
19,18,57,25,31,3
19,19,2,28,31,3
19,19,2,29,31,3
19,19,2,30,31,3
19,19,2,31,31,3
19,19,7,33,31,3
19,19,7,34,31,3
19,19,7,35,31,3
19,19,7,36,31,3
19,19,7,37,31,3
19,19,12,38,31,3
19,19,12,39,31,3
19,19,12,40,31,3
19,19,12,41,31,3
19,19,12,42,31,3
20,19,17,45,31,3
20,19,17,46,31,3
20,19,17,47,31,3
20,19,17,48,31,3
19,19,22,50,31,3
19,19,22,51,31,3
19,19,22,52,31,3
19,19,22,53,31,3
19,19,22,54,31,3
20,19,33,2,31,3
20,19,33,3,31,3
20,19,33,4,31,3
20,19,33,5,31,3
19,19,38,6,31,3
19,19,38,7,31,3
19,19,38,8,31,3
19,19,38,9,31,3
19,19,38,10,31,3
19,19,43,13,31,3
19,19,43,14,31,3
19,19,43,15,31,3
19,19,43,16,31,3
19,19,48,18,31,3
19,19,48,19,31,3
19,19,48,20,31,3
19,19,48,21,31,3
19,19,48,22,31,3
19,19,53,23,31,3
19,19,53,24,31,3
19,19,53,25,31,3
19,19,53,26,31,3
19,19,53,27,31,3
19,19,58,30,31,3
19,19,58,31,31,3
19,19,58,32,31,3
19,19,58,33,31,3
19,20,3,35,31,3
19,20,3,36,31,3
19,20,3,37,31,3
19,20,3,38,31,3
19,20,3,39,31,3
19,20,8,41,31,3
19,20,8,42,31,3
19,20,8,43,31,3
19,20,8,44,31,3
19,20,13,47,31,3
19,20,13,48,31,3
19,20,13,49,31,3
19,20,13,50,31,3
18,20,18,52,31,3
19,20,18,53,31,3
19,20,18,54,31,3
19,20,18,55,31,3
19,20,18,56,31,3
19,20,23,58,31,3
19,20,23,59,31,3
19,20,24,0,31,3
19,20,24,1,31,3
19,20,29,3,31,3
19,20,29,4,31,3
19,20,29,5,31,3
19,20,29,6,31,3
19,20,29,7,31,3
19,20,34,9,31,3
19,20,34,10,31,3
19,20,34,11,31,3
19,20,34,12,31,3
19,20,39,14,31,3
20,20,39,15,31,3
20,20,39,16,31,3
20,20,39,17,31,3
20,20,39,18,31,3
19,20,44,19,31,3
19,20,44,20,31,3
19,20,44,21,31,3
19,20,44,22,31,3
19,20,44,23,31,3
19,20,49,26,31,3
19,20,49,27,31,3
18,20,49,28,31,3
18,20,49,29,31,3
18,20,54,31,31,3
18,20,54,32,31,3
18,20,54,33,31,3
18,20,54,34,31,3
18,20,54,35,31,3
19,20,59,37,31,3
19,20,59,38,31,3
19,20,59,39,31,3
19,20,59,40,31,3
18,21,4,42,31,3
18,21,4,43,31,3
18,21,4,44,31,3
18,21,4,45,31,3
18,21,4,46,31,3
18,21,9,49,31,3
18,21,9,50,31,3
18,21,9,51,31,3
18,21,14,54,31,3
18,21,14,55,31,3
18,21,14,56,31,3
18,21,14,57,31,3
17,21,19,59,31,3
17,21,20,0,31,3
17,21,20,1,31,3
17,21,20,2,31,3
17,21,20,3,31,3
16,21,25,5,31,3
16,21,25,6,31,3
16,21,25,7,31,3
16,21,25,8,31,3
16,21,30,11,31,3
16,21,30,12,31,3
16,21,30,13,31,3
16,21,30,14,31,3
17,21,35,16,31,3
17,21,35,17,31,3
17,21,35,18,31,3
17,21,35,19,31,3
17,21,35,20,31,3
17,21,40,22,31,3
17,21,40,23,31,3
17,21,40,24,31,3
17,21,40,25,31,3
16,21,45,27,31,3
16,21,45,28,31,3
16,21,45,29,31,3
16,21,45,30,31,3
16,21,45,31,31,3
16,21,55,39,31,3
16,21,55,40,31,3
16,21,55,41,31,3
16,21,55,42,31,3
15,22,0,44,31,3
15,22,0,45,31,3
15,22,0,46,31,3
15,22,0,47,31,3
15,22,0,48,31,3
15,22,5,50,31,3
15,22,5,51,31,3
15,22,5,52,31,3
15,22,5,53,31,3
17,22,10,55,31,3
16,22,10,56,31,3
17,22,10,57,31,3
17,22,10,58,31,3
17,22,10,59,31,3
17,22,16,1,31,3
17,22,16,2,31,3
17,22,16,3,31,3
17,22,16,4,31,3
18,22,21,7,31,3
18,22,21,8,31,3
18,22,21,9,31,3
18,22,21,10,31,3
18,22,26,12,31,3
18,22,26,13,31,3
18,22,26,14,31,3
18,22,26,15,31,3
18,22,26,16,31,3
18,22,31,18,31,3
18,22,31,19,31,3
18,22,31,20,31,3
18,22,31,21,31,3
19,22,36,23,31,3
19,22,36,24,31,3
19,22,36,25,31,3
19,22,36,26,31,3
19,22,36,27,31,3
19,22,41,30,31,3
19,22,41,31,31,3
19,22,41,32,31,3
19,22,41,33,31,3
19,22,46,34,31,3
19,22,46,35,31,3
19,22,46,36,31,3
19,22,46,37,31,3
19,22,46,38,31,3
18,22,51,40,31,3
18,22,51,41,31,3
18,22,51,42,31,3
18,22,51,43,31,3
18,22,51,44,31,3
18,22,56,46,31,3
18,22,56,47,31,3
18,22,56,48,31,3
18,22,56,49,31,3
19,23,1,51,31,3
19,23,1,52,31,3
19,23,1,53,31,3
19,23,1,54,31,3
19,23,1,55,31,3
18,23,6,58,31,3
18,23,6,59,31,3
18,23,7,0,31,3
18,23,7,1,31,3
15,23,12,2,31,3
15,23,12,3,31,3
15,23,12,4,31,3
15,23,12,5,31,3
15,23,12,6,31,3
15,23,17,8,31,3
15,23,17,9,31,3
15,23,17,10,31,3
15,23,17,11,31,3
15,23,17,12,31,3
15,23,22,14,31,3
15,23,22,15,31,3
15,23,22,16,31,3
15,23,22,17,31,3
15,23,27,19,31,3
15,23,27,20,31,3
15,23,27,21,31,3
15,23,27,22,31,3
15,23,27,23,31,3
14,23,32,26,31,3
14,23,32,27,31,3
14,23,32,28,31,3
14,23,32,29,31,3
14,23,37,30,31,3
14,23,37,31,31,3
14,23,37,32,31,3
14,23,37,33,31,3
14,23,37,34,31,3
14,23,42,36,31,3
14,23,42,37,31,3
14,23,42,38,31,3
14,23,42,39,31,3
14,23,42,40,31,3
14,23,47,42,31,3
14,23,47,43,31,3
14,23,47,44,31,3
14,23,47,45,31,3
14,23,52,47,31,3
14,23,52,48,31,3
14,23,52,49,31,3
14,23,52,50,31,3
14,23,52,51,31,3
13,23,57,54,31,3
13,23,57,55,31,3
13,23,57,56,31,3
13,23,57,57,31,3
13,0,2,58,1,4
13,0,2,59,1,4
13,0,3,0,1,4
13,0,3,1,1,4
13,0,3,2,1,4
13,0,8,4,1,4
13,0,8,5,1,4
13,0,8,6,1,4
13,0,8,7,1,4
13,0,8,8,1,4
14,0,13,10,1,4
14,0,13,11,1,4
14,0,13,12,1,4
14,0,13,13,1,4
14,0,18,15,1,4
14,0,18,16,1,4
14,0,18,17,1,4
14,0,18,18,1,4
14,0,18,19,1,4
14,0,23,22,1,4
14,0,23,23,1,4
14,0,23,24,1,4
14,0,23,25,1,4
13,0,28,27,1,4
13,0,28,28,1,4
13,0,28,29,1,4
13,0,28,30,1,4
13,0,33,32,1,4
13,0,33,33,1,4
13,0,33,34,1,4
13,0,33,35,1,4
13,0,33,36,1,4
13,0,38,39,1,4
13,0,38,40,1,4
13,0,38,41,1,4
13,0,38,42,1,4
13,0,43,43,1,4
13,0,43,44,1,4
13,0,43,45,1,4
13,0,43,46,1,4
13,0,43,47,1,4
13,0,48,51,1,4
13,0,48,52,1,4
13,0,48,53,1,4
