5,14,14,9,30,3
5,14,14,10,30,3
5,14,14,11,30,3
5,14,14,12,30,3
4,14,19,15,30,3
4,14,19,16,30,3
4,14,19,17,30,3
4,14,19,18,30,3
5,14,24,19,30,3
5,14,24,20,30,3
5,14,24,21,30,3
5,14,24,22,30,3
5,14,24,23,30,3
4,14,29,26,30,3
4,14,29,27,30,3
4,14,29,28,30,3
4,14,29,29,30,3
5,14,34,30,30,3
5,14,34,31,30,3
5,14,34,32,30,3
5,14,34,33,30,3
5,14,34,34,30,3
5,14,39,36,30,3
5,14,39,37,30,3
5,14,39,38,30,3
5,14,39,39,30,3
5,14,39,40,30,3
4,14,44,43,30,3
4,14,44,44,30,3
4,14,44,45,30,3
4,14,44,46,30,3
5,14,49,47,30,3
5,14,49,48,30,3
5,14,49,49,30,3
5,14,49,50,30,3
5,14,49,51,30,3
5,14,54,54,30,3
5,14,54,55,30,3
5,14,54,56,30,3
5,14,54,57,30,3
5,14,59,59,30,3
5,15,0,0,30,3
5,15,0,1,30,3
5,15,0,2,30,3
5,15,5,4,30,3
5,15,5,5,30,3
5,15,5,6,30,3
5,15,5,7,30,3
5,15,5,8,30,3
4,15,10,11,30,3
4,15,10,12,30,3
4,15,10,13,30,3
4,15,10,14,30,3
5,15,15,15,30,3
5,15,15,16,30,3
5,15,15,17,30,3
5,15,15,18,30,3
5,15,15,19,30,3
5,15,20,22,30,3
5,15,20,23,30,3
5,15,20,24,30,3
5,15,20,25,30,3
5,15,25,28,30,3
5,15,25,29,30,3
5,15,25,30,30,3
5,15,25,31,30,3
5,15,30,32,30,3
5,15,30,33,30,3
5,15,30,34,30,3
5,15,30,35,30,3
5,15,30,36,30,3
5,15,35,39,30,3
5,15,35,40,30,3
5,15,35,41,30,3
5,15,35,42,30,3
5,15,40,43,30,3
5,15,40,44,30,3
5,15,40,45,30,3
5,15,40,46,30,3
5,15,40,47,30,3
5,15,45,49,30,3
5,15,45,50,30,3
5,15,45,51,30,3
5,15,45,52,30,3
5,15,45,53,30,3
5,15,50,56,30,3
5,15,50,57,30,3
5,15,50,58,30,3
5,15,50,59,30,3
5,15,56,0,30,3
5,15,56,1,30,3
5,15,56,2,30,3
5,15,56,3,30,3
5,15,56,4,30,3
5,16,1,7,30,3
5,16,1,8,30,3
5,16,1,9,30,3
5,16,1,10,30,3
5,16,6,13,30,3
5,16,6,14,30,3
5,16,6,15,30,3
5,16,6,16,30,3
5,16,11,18,30,3
5,16,11,19,30,3
5,16,11,20,30,3
5,16,11,21,30,3
5,16,16,24,30,3
5,16,16,25,30,3
5,16,16,26,30,3
5,16,16,27,30,3
5,16,21,28,30,3
5,16,21,29,30,3
5,16,21,30,30,3
5,16,21,31,30,3
5,16,21,32,30,3
6,16,26,35,30,3
6,16,26,36,30,3
6,16,26,37,30,3
6,16,26,38,30,3
6,16,31,41,30,3
6,16,31,42,30,3
6,16,31,43,30,3
6,16,31,44,30,3
6,16,36,45,30,3
6,16,36,46,30,3
6,16,36,47,30,3
6,16,36,48,30,3
6,16,36,49,30,3
6,16,41,52,30,3
6,16,41,53,30,3
6,16,41,54,30,3
6,16,41,55,30,3
6,16,46,56,30,3
6,16,46,57,30,3
6,16,46,58,30,3
6,16,46,59,30,3
6,16,47,0,30,3
6,16,52,3,30,3
6,16,52,4,30,3
6,16,52,5,30,3
6,16,52,6,30,3
6,16,57,9,30,3
6,16,57,10,30,3
6,16,57,11,30,3
6,16,57,12,30,3
6,17,2,13,30,3
6,17,2,14,30,3
6,17,2,15,30,3
6,17,2,16,30,3
6,17,2,17,30,3
6,17,7,20,30,3
6,17,7,21,30,3
6,17,7,22,30,3
6,17,7,23,30,3
6,17,12,24,30,3
6,17,12,25,30,3
6,17,12,26,30,3
6,17,12,27,30,3
6,17,12,28,30,3
6,17,17,31,30,3
6,17,17,32,30,3
6,17,17,33,30,3
6,17,17,34,30,3
6,17,22,36,30,3
6,17,22,37,30,3
6,17,22,38,30,3
6,17,22,39,30,3
6,17,22,40,30,3
7,17,27,42,30,3
7,17,27,43,30,3
7,17,27,44,30,3
7,17,27,45,30,3
7,17,32,48,30,3
7,17,32,49,30,3
7,17,32,50,30,3
7,17,32,51,30,3
6,17,37,52,30,3
6,17,37,53,30,3
6,17,37,54,30,3
6,17,37,55,30,3
6,17,37,56,30,3
7,17,42,59,30,3
7,17,43,0,30,3
7,17,43,1,30,3
7,17,43,2,30,3
7,17,48,4,30,3
7,17,48,5,30,3
7,17,48,6,30,3
7,17,48,7,30,3
7,17,48,8,30,3
7,17,53,10,30,3
7,17,53,11,30,3
7,17,53,12,30,3
7,17,53,13,30,3
7,17,58,15,30,3
7,17,58,16,30,3
7,17,58,17,30,3
7,17,58,18,30,3
7,17,58,19,30,3
7,18,3,21,30,3
7,18,3,22,30,3
7,18,3,23,30,3
7,18,8,27,30,3
7,18,8,28,30,3
7,18,8,29,30,3
7,18,8,30,30,3
7,18,13,31,30,3
7,18,13,32,30,3
7,18,13,33,30,3
7,18,13,34,30,3
7,18,13,35,30,3
7,18,18,38,30,3
7,18,18,39,30,3
7,18,18,40,30,3
7,18,18,41,30,3
7,18,23,43,30,3
7,18,23,44,30,3
7,18,23,45,30,3
7,18,23,46,30,3
7,18,23,47,30,3
7,18,28,48,30,3
7,18,28,49,30,3
7,18,28,50,30,3
7,18,28,51,30,3
7,18,28,52,30,3
7,18,33,55,30,3
7,18,33,56,30,3
7,18,33,57,30,3
7,18,33,58,30,3
7,18,38,59,30,3
7,18,39,0,30,3
7,18,39,1,30,3
7,18,39,2,30,3
7,18,39,3,30,3
7,18,44,6,30,3
7,18,44,7,30,3
7,18,44,8,30,3
7,18,44,9,30,3
7,18,49,11,30,3
7,18,49,12,30,3
7,18,49,13,30,3
7,18,49,14,30,3
7,18,49,15,30,3
7,18,54,17,30,3
7,18,54,18,30,3
7,18,54,19,30,3
7,18,54,20,30,3
7,18,59,23,30,3
7,18,59,24,30,3
7,18,59,25,30,3
7,18,59,26,30,3
7,19,4,27,30,3
7,19,4,28,30,3
7,19,4,29,30,3
7,19,4,30,30,3
7,19,4,31,30,3
7,19,9,34,30,3
7,19,9,35,30,3
7,19,9,36,30,3
7,19,9,37,30,3
7,19,14,39,30,3
7,19,14,40,30,3
7,19,14,41,30,3
7,19,14,42,30,3
7,19,14,43,30,3
7,19,19,45,30,3
7,19,19,46,30,3
7,19,19,47,30,3
7,19,19,48,30,3
6,19,24,51,30,3
6,19,24,52,30,3
6,19,24,53,30,3
6,19,24,54,30,3
6,19,29,56,30,3
6,19,29,57,30,3
6,19,29,58,30,3
6,19,29,59,30,3
6,19,30,0,30,3
7,19,35,2,30,3
7,19,35,3,30,3
7,19,35,4,30,3
7,19,35,5,30,3
6,19,40,7,30,3
6,19,40,8,30,3
6,19,40,9,30,3
6,19,40,10,30,3
6,19,40,11,30,3
6,19,45,13,30,3
6,19,45,14,30,3
6,19,45,15,30,3
6,19,45,16,30,3
6,19,50,18,30,3
6,19,50,19,30,3
6,19,50,20,30,3
6,19,50,21,30,3
6,19,50,22,30,3
6,19,55,24,30,3
6,19,55,25,30,3
6,19,55,26,30,3
6,19,55,27,30,3
6,20,0,30,30,3
6,20,0,31,30,3
6,20,0,32,30,3
6,20,0,33,30,3
6,20,5,35,30,3
6,20,5,36,30,3
6,20,5,37,30,3
6,20,5,38,30,3
6,20,5,39,30,3
6,20,10,41,30,3
6,20,10,42,30,3
6,20,10,43,30,3
6,20,10,44,30,3
6,20,15,46,30,3
6,20,15,47,30,3
6,20,15,48,30,3
6,20,15,49,30,3
6,20,15,50,30,3
6,20,20,54,30,3
6,20,20,55,30,3
6,20,20,56,30,3
6,20,25,58,30,3
6,20,25,59,30,3
6,20,26,0,30,3
6,20,26,1,30,3
6,20,31,3,30,3
6,20,31,4,30,3
6,20,31,5,30,3
6,20,31,6,30,3
6,20,31,7,30,3
6,20,36,9,30,3
6,20,36,10,30,3
6,20,36,11,30,3
6,20,36,12,30,3
6,20,41,14,30,3
6,20,41,15,30,3
6,20,41,16,30,3
6,20,41,17,30,3
6,20,41,18,30,3
6,20,46,20,30,3
6,20,46,21,30,3
6,20,46,22,30,3
6,20,46,23,30,3
6,20,51,25,30,3
6,20,51,26,30,3
6,20,51,27,30,3
6,20,51,28,30,3
6,20,51,29,30,3
6,20,56,31,30,3
6,20,56,32,30,3
6,20,56,33,30,3
6,20,56,34,30,3
6,20,56,35,30,3
6,21,1,37,30,3
6,21,1,38,30,3
6,21,1,39,30,3
6,21,1,40,30,3
6,21,6,42,30,3
6,21,6,43,30,3
6,21,6,44,30,3
6,21,6,45,30,3
6,21,6,46,30,3
6,21,11,49,30,3
6,21,11,50,30,3
6,21,11,51,30,3
6,21,11,52,30,3
6,21,16,54,30,3
6,21,16,55,30,3
6,21,16,56,30,3
6,21,16,57,30,3
7,21,21,59,30,3
7,21,22,0,30,3
7,21,22,1,30,3
7,21,22,2,30,3
7,21,22,3,30,3
7,21,27,5,30,3
7,21,27,6,30,3
7,21,27,7,30,3
7,21,27,8,30,3
7,21,32,10,30,3
7,21,32,11,30,3
7,21,32,12,30,3
7,21,32,13,30,3
7,21,32,14,30,3
7,21,37,16,30,3
7,21,37,17,30,3
7,21,37,18,30,3
7,21,37,19,30,3
7,21,37,20,30,3
7,21,42,22,30,3
7,21,42,23,30,3
7,21,42,24,30,3
7,21,42,25,30,3
7,21,47,27,30,3
7,21,47,28,30,3
7,21,47,29,30,3
7,21,47,30,30,3
7,21,47,31,30,3
7,21,52,34,30,3
7,21,52,35,30,3
7,21,52,36,30,3
7,21,52,37,30,3
8,21,57,39,30,3
8,21,57,40,30,3
8,21,57,41,30,3
8,21,57,42,30,3
8,22,2,44,30,3
8,22,2,45,30,3
8,22,2,46,30,3
8,22,2,47,30,3
8,22,2,48,30,3
8,22,7,50,30,3
8,22,7,52,30,3
8,22,7,53,30,3
8,22,7,54,30,3
8,22,12,55,30,3
8,22,12,56,30,3
8,22,12,57,30,3
8,22,12,58,30,3
8,22,12,59,30,3
8,22,23,7,30,3
8,22,23,8,30,3
8,22,23,9,30,3
8,22,23,10,30,3
8,22,28,12,30,3
8,22,28,13,30,3
8,22,28,14,30,3
8,22,28,15,30,3
8,22,28,16,30,3
8,22,33,19,30,3
8,22,33,20,30,3
8,22,33,21,30,3
8,22,33,22,30,3
8,22,38,23,30,3
8,22,38,24,30,3
8,22,38,25,30,3
8,22,38,26,30,3
8,22,38,27,30,3
8,22,43,30,30,3
8,22,43,31,30,3
8,22,43,32,30,3
8,22,43,33,30,3
9,22,48,34,30,3
9,22,48,35,30,3
9,22,48,36,30,3
9,22,48,37,30,3
9,22,48,38,30,3
10,22,53,40,30,3
10,22,53,41,30,3
10,22,53,42,30,3
10,22,53,43,30,3
10,22,53,44,30,3
10,22,58,47,30,3
10,22,58,48,30,3
10,22,58,49,30,3
10,22,58,50,30,3
9,23,3,51,30,3
9,23,3,52,30,3
9,23,3,53,30,3
9,23,3,54,30,3
9,23,3,55,30,3
8,23,8,58,30,3
8,23,8,59,30,3
8,23,9,0,30,3
8,23,9,1,30,3
8,23,14,2,30,3
8,23,14,3,30,3
8,23,14,4,30,3
8,23,14,5,30,3
8,23,14,6,30,3
9,23,19,9,30,3
9,23,19,10,30,3
9,23,19,11,30,3
8,23,24,14,30,3
8,23,24,15,30,3
8,23,24,16,30,3
8,23,24,17,30,3
8,23,29,19,30,3
8,23,29,20,30,3
8,23,29,21,30,3
8,23,29,22,30,3
8,23,29,23,30,3
8,23,34,26,30,3
8,23,34,27,30,3
8,23,34,28,30,3
8,23,34,29,30,3
8,23,39,30,30,3
8,23,39,31,30,3
8,23,39,32,30,3
8,23,39,33,30,3
8,23,39,34,30,3
9,23,44,37,30,3
9,23,44,38,30,3
9,23,44,39,30,3
9,23,44,40,30,3
8,23,49,42,30,3
8,23,49,44,30,3
8,23,49,45,30,3
8,23,49,46,30,3
8,23,54,47,30,3
8,23,54,48,30,3
8,23,54,49,30,3
8,23,54,50,30,3
8,23,54,51,30,3
7,23,59,54,30,3
7,23,59,55,30,3
7,23,59,56,30,3
7,23,59,57,30,3
7,0,4,58,31,3
7,0,4,59,31,3
7,0,5,0,31,3
7,0,5,1,31,3
7,0,5,2,31,3
7,0,10,5,31,3
7,0,10,6,31,3
7,0,10,7,31,3
7,0,10,8,31,3
6,0,15,11,31,3
6,0,15,12,31,3
6,0,15,13,31,3
6,0,15,14,31,3
6,0,20,15,31,3
6,0,20,16,31,3
6,0,20,17,31,3
6,0,20,18,31,3
6,0,20,19,31,3
6,0,25,22,31,3
6,0,25,23,31,3
6,0,25,24,31,3
6,0,25,25,31,3
5,0,30,26,31,3
5,0,30,27,31,3
5,0,30,28,31,3
5,0,30,30,31,3
5,0,30,31,31,3
5,0,35,32,31,3
5,0,35,33,31,3
5,0,35,34,31,3
5,0,35,35,31,3
5,0,35,36,31,3
5,0,40,39,31,3
5,0,40,40,31,3
5,0,40,41,31,3
5,0,40,42,31,3
5,0,45,43,31,3
5,0,45,44,31,3
5,0,45,45,31,3
5,0,45,46,31,3
5,0,45,47,31,3
5,0,50,50,31,3
5,0,50,51,31,3
5,0,50,52,31,3
5,0,50,53,31,3
5,0,55,56,31,3
5,0,55,57,31,3
5,0,55,58,31,3
5,0,55,59,31,3
5,1,1,0,31,3
5,1,1,1,31,3
5,1,1,2,31,3
5,1,1,3,31,3
5,1,1,4,31,3
6,1,6,7,31,3
6,1,6,8,31,3
6,1,6,9,31,3
6,1,6,10,31,3
6,1,11,12,31,3
6,1,11,13,31,3
6,1,11,14,31,3
6,1,11,15,31,3
6,1,11,16,31,3
6,1,16,18,31,3
6,1,16,19,31,3
6,1,16,20,31,3
6,1,16,21,31,3
6,1,21,24,31,3
6,1,21,25,31,3
6,1,21,26,31,3
6,1,21,27,31,3
6,1,26,28,31,3
6,1,26,29,31,3
6,1,26,30,31,3
6,1,26,31,31,3
6,1,26,32,31,3
6,1,31,35,31,3
6,1,31,36,31,3
6,1,31,37,31,3
6,1,31,38,31,3
6,1,36,39,31,3
6,1,36,40,31,3
6,1,36,42,31,3
6,1,36,43,31,3
6,1,36,44,31,3
6,1,41,46,31,3
6,1,41,47,31,3
6,1,41,48,31,3
6,1,41,49,31,3
6,1,46,52,31,3
6,1,46,53,31,3
6,1,46,54,31,3
6,1,46,55,31,3
6,1,51,56,31,3
6,1,51,57,31,3
6,1,51,58,31,3
6,1,51,59,31,3
6,1,52,0,31,3
6,1,57,3,31,3
6,1,57,4,31,3
6,1,57,5,31,3
6,1,57,6,31,3
6,2,2,8,31,3
6,2,2,9,31,3
6,2,2,10,31,3
6,2,2,11,31,3
6,2,2,12,31,3
6,2,12,20,31,3
6,2,12,21,31,3
6,2,12,22,31,3
6,2,12,23,31,3
7,2,17,25,31,3
7,2,17,26,31,3
7,2,17,27,31,3
7,2,17,28,31,3
7,2,17,29,31,3
7,2,22,31,31,3
7,2,22,32,31,3
7,2,22,33,31,3
7,2,22,34,31,3
7,2,27,36,31,3
7,2,27,37,31,3
7,2,27,38,31,3
7,2,27,39,31,3
7,2,27,40,31,3
7,2,32,42,31,3
7,2,32,43,31,3
7,2,32,44,31,3
7,2,32,45,31,3
7,2,37,48,31,3
7,2,37,49,31,3
7,2,37,50,31,3
7,2,37,51,31,3
7,2,42,52,31,3
7,2,42,53,31,3
7,2,42,54,31,3
7,2,42,55,31,3
7,2,42,56,31,3
7,2,47,59,31,3
7,2,48,0,31,3
7,2,48,1,31,3
7,2,48,2,31,3
8,2,53,4,31,3
8,2,53,5,31,3
8,2,53,6,31,3
8,2,53,7,31,3
8,2,53,8,31,3
7,2,58,9,31,3
7,2,58,10,31,3
7,2,58,11,31,3
7,2,58,12,31,3
7,2,58,13,31,3
7,3,3,16,31,3
7,3,3,17,31,3
7,3,3,18,31,3
7,3,3,19,31,3
7,3,8,21,31,3
7,3,8,22,31,3
7,3,8,23,31,3
7,3,8,24,31,3
7,3,8,25,31,3
7,3,13,27,31,3
7,3,13,28,31,3
7,3,13,29,31,3
7,3,13,30,31,3
7,3,18,32,31,3
7,3,18,33,31,3
7,3,18,34,31,3
7,3,18,35,31,3
7,3,18,36,31,3
7,3,23,37,31,3
7,3,23,38,31,3
7,3,23,39,31,3
7,3,23,40,31,3
7,3,23,41,31,3
7,3,28,44,31,3
7,3,28,45,31,3
7,3,28,46,31,3
7,3,28,47,31,3
7,3,33,49,31,3
7,3,33,50,31,3
7,3,33,51,31,3
7,3,33,52,31,3
7,3,33,53,31,3
8,3,38,55,31,3
8,3,38,56,31,3
8,3,38,57,31,3
8,3,38,58,31,3
7,3,44,1,31,3
7,3,44,2,31,3
7,3,44,3,31,3
7,3,44,4,31,3
7,3,49,6,31,3
7,3,49,7,31,3
7,3,49,8,31,3
7,3,49,9,31,3
7,3,49,10,31,3
7,3,54,12,31,3
7,3,54,13,31,3
7,3,54,14,31,3
7,3,54,15,31,3
7,3,59,17,31,3
7,3,59,18,31,3
7,3,59,19,31,3
7,3,59,20,31,3
7,3,59,21,31,3
7,4,4,23,31,3
7,4,4,24,31,3
7,4,4,25,31,3
7,4,4,26,31,3
7,4,9,28,31,3
7,4,9,29,31,3
7,4,9,30,31,3
7,4,9,31,31,3
7,4,9,32,31,3
7,4,14,34,31,3
7,4,14,35,31,3
7,4,14,36,31,3
7,4,14,37,31,3
7,4,14,38,31,3
7,4,19,40,31,3
7,4,19,41,31,3
7,4,19,42,31,3
7,4,19,43,31,3
7,4,24,45,31,3
7,4,24,46,31,3
7,4,24,47,31,3
7,4,24,48,31,3
7,4,24,49,31,3
7,4,29,51,31,3
7,4,29,52,31,3
7,4,29,53,31,3
7,4,29,54,31,3
7,4,34,56,31,3
7,4,34,57,31,3
7,4,34,58,31,3
7,4,34,59,31,3
7,4,35,0,31,3
8,4,40,2,31,3
8,4,40,3,31,3
8,4,40,4,31,3
8,4,40,5,31,3
8,4,45,8,31,3
8,4,45,9,31,3
8,4,45,10,31,3
8,4,45,11,31,3
8,4,50,13,31,3
8,4,50,14,31,3
8,4,50,15,31,3
8,4,50,16,31,3
8,4,50,17,31,3
8,4,55,19,31,3
8,4,55,20,31,3
8,4,55,21,31,3
8,4,55,22,31,3
8,5,0,24,31,3
8,5,0,25,31,3
8,5,0,26,31,3
8,5,0,27,31,3
8,5,0,28,31,3
8,5,5,30,31,3
8,5,5,31,31,3
8,5,5,32,31,3
8,5,5,34,31,3
8,5,10,36,31,3
8,5,10,37,31,3
8,5,10,38,31,3
8,5,10,39,31,3
7,5,15,41,31,3
7,5,15,42,31,3
7,5,15,43,31,3
7,5,15,44,31,3
7,5,15,45,31,3
8,5,20,47,31,3
8,5,20,48,31,3
8,5,20,49,31,3
8,5,20,50,31,3
8,5,25,52,31,3
8,5,25,53,31,3
8,5,25,54,31,3
8,5,25,55,31,3
8,5,25,56,31,3
8,5,30,59,31,3
8,5,31,0,31,3
8,5,31,1,31,3
8,5,31,2,31,3
7,5,36,3,31,3
7,5,36,4,31,3
7,5,36,5,31,3
7,5,36,6,31,3
7,5,36,7,31,3
7,5,41,9,31,3
7,5,41,10,31,3
7,5,41,11,31,3
7,5,41,12,31,3
7,5,41,13,31,3
7,5,46,15,31,3
7,5,46,16,31,3
7,5,46,17,31,3
7,5,46,18,31,3
7,5,51,20,31,3
7,5,51,21,31,3
7,5,51,22,31,3
7,5,51,23,31,3
7,5,51,24,31,3
8,5,56,27,31,3
8,5,56,28,31,3
8,5,56,29,31,3
8,5,56,30,31,3
8,6,1,32,31,3
8,6,1,33,31,3
8,6,1,34,31,3
8,6,1,35,31,3
8,6,6,37,31,3
8,6,6,38,31,3
8,6,6,39,31,3
8,6,6,40,31,3
8,6,6,41,31,3
8,6,11,44,31,3
8,6,11,45,31,3
8,6,11,46,31,3
8,6,11,47,31,3
8,6,16,48,31,3
8,6,16,49,31,3
8,6,16,50,31,3
8,6,16,51,31,3
8,6,16,52,31,3
8,6,21,54,31,3
8,6,21,55,31,3
8,6,21,56,31,3
8,6,21,57,31,3
8,6,21,58,31,3
8,6,27,0,31,3
8,6,27,1,31,3
8,6,27,2,31,3
8,6,27,3,31,3
8,6,32,5,31,3
8,6,32,6,31,3
8,6,32,7,31,3
8,6,32,8,31,3
8,6,32,9,31,3
8,6,37,12,31,3
8,6,37,13,31,3
8,6,37,14,31,3
8,6,37,15,31,3
8,6,42,16,31,3
8,6,42,17,31,3
8,6,42,18,31,3
8,6,42,19,31,3
8,6,42,20,31,3
9,6,47,23,31,3
9,6,47,24,31,3
9,6,47,25,31,3
9,6,47,26,31,3
9,6,52,28,31,3
9,6,52,29,31,3
9,6,52,30,31,3
9,6,52,31,31,3
9,6,57,33,31,3
9,6,57,34,31,3
9,6,57,35,31,3
9,6,57,36,31,3
9,6,57,37,31,3
9,7,2,40,31,3
9,7,2,41,31,3
9,7,2,42,31,3
9,7,2,43,31,3
9,7,7,44,31,3
9,7,7,45,31,3
9,7,7,46,31,3
9,7,7,47,31,3
9,7,7,48,31,3
10,7,12,50,31,3
10,7,12,51,31,3
10,7,12,52,31,3
10,7,12,53,31,3
10,7,12,54,31,3
10,7,17,57,31,3
10,7,17,58,31,3
10,7,17,59,31,3
10,7,18,0,31,3
10,7,23,1,31,3
10,7,23,2,31,3
10,7,23,3,31,3
10,7,23,4,31,3
10,7,23,5,31,3
11,7,28,8,31,3
11,7,28,9,31,3
11,7,28,10,31,3
11,7,28,11,31,3
10,7,33,14,31,3
10,7,33,15,31,3
10,7,33,16,31,3
10,7,33,17,31,3
10,7,38,18,31,3
10,7,38,19,31,3
10,7,38,20,31,3
10,7,38,21,31,3
10,7,38,22,31,3
10,7,43,25,31,3
10,7,43,26,31,3
10,7,43,27,31,3
10,7,43,28,31,3
10,7,48,29,31,3
10,7,48,30,31,3
11,7,48,31,31,3
10,7,48,32,31,3
10,7,48,33,31,3
11,7,53,36,31,3
11,7,53,37,31,3
11,7,53,38,31,3
11,7,53,39,31,3
11,7,58,41,31,3
11,7,58,42,31,3
11,7,58,43,31,3
11,7,58,44,31,3
11,7,58,45,31,3
11,8,3,46,31,3
11,8,3,47,31,3
11,8,3,48,31,3
11,8,3,49,31,3
11,8,3,50,31,3
12,8,8,53,31,3
12,8,8,54,31,3
12,8,8,55,31,3
12,8,8,56,31,3
12,8,13,57,31,3
12,8,13,58,31,3
12,8,13,59,31,3
12,8,14,0,31,3
12,8,14,1,31,3
12,8,19,4,31,3
12,8,19,5,31,3
12,8,19,6,31,3
12,8,19,7,31,3
12,8,24,10,31,3
12,8,24,11,31,3
12,8,24,12,31,3
12,8,24,13,31,3
11,8,29,14,31,3
11,8,29,15,31,3
11,8,29,16,31,3
11,8,29,17,31,3
11,8,29,18,31,3
11,8,34,21,31,3
11,8,34,22,31,3
11,8,34,23,31,3
11,8,34,24,31,3
12,8,39,25,31,3
12,8,39,26,31,3
12,8,39,27,31,3
12,8,39,28,31,3
12,8,39,29,31,3
12,8,44,32,31,3
12,8,44,33,31,3
12,8,44,34,31,3
12,8,44,35,31,3
11,8,49,37,31,3
11,8,49,38,31,3
11,8,49,39,31,3
11,8,49,40,31,3
11,8,49,41,31,3
12,8,54,42,31,3
12,8,54,43,31,3
12,8,54,44,31,3
12,8,54,45,31,3
12,8,54,46,31,3
12,8,59,49,31,3
12,8,59,50,31,3
12,8,59,51,31,3
12,8,59,52,31,3
12,9,4,53,31,3
12,9,4,54,31,3
12,9,4,55,31,3
12,9,4,56,31,3
12,9,4,58,31,3
12,9,10,0,31,3
12,9,10,1,31,3
12,9,10,2,31,3
12,9,10,3,31,3
13,9,15,5,31,3
13,9,15,6,31,3
13,9,15,7,31,3
13,9,15,8,31,3
13,9,15,9,31,3
13,9,20,11,31,3
13,9,20,12,31,3
13,9,20,13,31,3
13,9,20,14,31,3
12,9,25,17,31,3
12,9,25,18,31,3
12,9,25,19,31,3
12,9,25,20,31,3
14,9,30,21,31,3
14,9,30,22,31,3
14,9,30,23,31,3
14,9,30,24,31,3
14,9,30,25,31,3
13,9,35,28,31,3
13,9,35,29,31,3
13,9,35,30,31,3
13,9,35,31,31,3
13,9,40,33,31,3
13,9,40,34,31,3
13,9,40,35,31,3
13,9,40,36,31,3
13,9,40,37,31,3
13,9,45,39,31,3
13,9,45,40,31,3
13,9,45,41,31,3
13,9,45,42,31,3
14,9,50,45,31,3
14,9,50,46,31,3
14,9,50,47,31,3
14,9,50,48,31,3
14,9,55,49,31,3
14,9,55,51,31,3
14,9,55,52,31,3
14,9,55,53,31,3
14,9,55,54,31,3
14,10,0,56,31,3
14,10,0,57,31,3
14,10,0,58,31,3
14,10,0,59,31,3
15,10,6,1,31,3
15,10,6,2,31,3
15,10,6,3,31,3
15,10,6,4,31,3
15,10,6,5,31,3
14,10,11,7,31,3
14,10,11,8,31,3
14,10,11,9,31,3
14,10,11,10,31,3
14,10,16,13,31,3
14,10,16,14,31,3
15,10,16,15,31,3
14,10,16,16,31,3
14,10,21,17,31,3
14,10,21,18,31,3
14,10,21,19,31,3
14,10,21,20,31,3
14,10,21,21,31,3
15,10,26,24,31,3
15,10,26,25,31,3
15,10,26,26,31,3
15,10,26,27,31,3
15,10,31,29,31,3
15,10,31,30,31,3
15,10,31,31,31,3
15,10,31,32,31,3
15,10,31,33,31,3
15,10,36,35,31,3
14,10,36,36,31,3
14,10,36,37,31,3
14,10,36,38,31,3
14,10,41,41,31,3
14,10,41,42,31,3
14,10,41,43,31,3
14,10,41,44,31,3
14,10,46,46,31,3
14,10,46,47,31,3
14,10,46,48,31,3
14,10,46,49,31,3
14,10,46,50,31,3
14,10,51,52,31,3
14,10,51,53,31,3
14,10,51,54,31,3
14,10,51,55,31,3
14,10,56,57,31,3
14,10,56,58,31,3
14,10,56,59,31,3
14,10,57,0,31,3
14,10,57,1,31,3
14,11,2,3,31,3
14,11,2,4,31,3
14,11,2,5,31,3
14,11,2,6,31,3
14,11,7,9,31,3
14,11,7,10,31,3
14,11,7,11,31,3
14,11,7,12,31,3
13,11,12,13,31,3
13,11,12,14,31,3
13,11,12,15,31,3
13,11,12,16,31,3
13,11,12,17,31,3
13,11,17,20,31,3
13,11,17,21,31,3
13,11,17,22,31,3
13,11,17,23,31,3
13,11,22,25,31,3
13,11,22,26,31,3
13,11,22,27,31,3
13,11,22,28,31,3
13,11,22,29,31,3
13,11,27,31,31,3
13,11,27,32,31,3
13,11,27,33,31,3
13,11,27,34,31,3
13,11,32,37,31,3
13,11,32,38,31,3
13,11,32,39,31,3
13,11,32,40,31,3
13,11,37,42,31,3
13,11,37,43,31,3
13,11,37,44,31,3
13,11,37,45,31,3
13,11,37,46,31,3
13,11,42,48,31,3
13,11,42,49,31,3
13,11,42,50,31,3
13,11,42,51,31,3
13,11,47,53,31,3
13,11,47,54,31,3
13,11,47,55,31,3
13,11,47,56,31,3
13,11,47,57,31,3
13,11,52,59,31,3
13,11,53,0,31,3
13,11,53,1,31,3
13,11,53,2,31,3
13,11,53,3,31,3
13,11,58,5,31,3
13,11,58,6,31,3
13,11,58,7,31,3
13,11,58,8,31,3
13,12,3,10,31,3
13,12,3,11,31,3
13,12,3,12,31,3
13,12,3,13,31,3
13,12,3,14,31,3
16,12,8,16,31,3
16,12,8,17,31,3
16,12,8,18,31,3
16,12,8,19,31,3
13,12,13,21,31,3
13,12,13,22,31,3
13,12,13,23,31,3
13,12,13,24,31,3
13,12,13,25,31,3
14,12,18,27,31,3
14,12,18,28,31,3
14,12,18,29,31,3
14,12,18,30,31,3
14,12,23,32,31,3
14,12,23,33,31,3
14,12,23,34,31,3
14,12,23,35,31,3
14,12,23,36,31,3
14,12,28,39,31,3
15,12,33,44,31,3
15,12,33,45,31,3
15,12,33,46,31,3
15,12,33,47,31,3
14,12,38,49,31,3
14,12,38,50,31,3
14,12,38,51,31,3
14,12,38,52,31,3
14,12,38,53,31,3
14,12,43,55,31,3
14,12,43,57,31,3
14,12,43,58,31,3
14,12,43,59,31,3
15,12,49,1,31,3
15,12,49,2,31,3
15,12,49,3,31,3
15,12,49,4,31,3
15,12,54,6,31,3
15,12,54,7,31,3
15,12,54,8,31,3
15,12,54,9,31,3
15,12,54,10,31,3
15,12,59,12,31,3
15,12,59,13,31,3
15,12,59,14,31,3
15,12,59,15,31,3
14,13,4,17,31,3
14,13,4,18,31,3
14,13,4,19,31,3
14,13,4,20,31,3
14,13,4,21,31,3
15,13,9,24,31,3
15,13,9,25,31,3
15,13,9,26,31,3
15,13,9,27,31,3
15,13,14,29,31,3
15,13,14,30,31,3
15,13,14,31,31,3
15,13,14,32,31,3
16,13,19,34,31,3
16,13,19,35,31,3
16,13,19,36,31,3
16,13,19,37,31,3
16,13,19,38,31,3
15,13,24,40,31,3
15,13,24,41,31,3
15,13,24,42,31,3
15,13,24,43,31,3
14,13,29,45,31,3
14,13,29,46,31,3
14,13,29,47,31,3
14,13,29,48,31,3
14,13,29,49,31,3
14,13,34,52,31,3
14,13,34,53,31,3
14,13,34,54,31,3
14,13,34,55,31,3
14,13,39,57,31,3
14,13,39,58,31,3
14,13,39,59,31,3
14,13,40,0,31,3
15,13,45,3,31,3
15,13,45,4,31,3
15,13,45,5,31,3
15,13,45,6,31,3
14,13,50,8,31,3
14,13,50,9,31,3
14,13,50,10,31,3
14,13,50,11,31,3
14,13,55,13,31,3
14,13,55,14,31,3
14,13,55,15,31,3
14,13,55,16,31,3
14,13,55,17,31,3
14,14,0,20,31,3
14,14,0,21,31,3
14,14,0,22,31,3
14,14,0,23,31,3
14,14,5,24,31,3
14,14,5,25,31,3
14,14,5,26,31,3
14,14,5,27,31,3
14,14,5,28,31,3
14,14,10,30,31,3
14,14,10,31,31,3
14,14,10,32,31,3
14,14,10,33,31,3
14,14,10,34,31,3
13,14,15,36,31,3
13,14,15,37,31,3
13,14,15,39,31,3
13,14,15,40,31,3
13,14,20,41,31,3
13,14,20,42,31,3
13,14,20,43,31,3
13,14,20,44,31,3
13,14,20,45,31,3
13,14,25,48,31,3
13,14,25,49,31,3
13,14,25,50,31,3
13,14,25,51,31,3
13,14,30,52,31,3
13,14,30,53,31,3
13,14,30,54,31,3
13,14,30,55,31,3
13,14,30,56,31,3
12,14,36,0,31,3
12,14,36,1,31,3
12,14,36,2,31,3
12,14,41,5,31,3
12,14,41,6,31,3
12,14,41,7,31,3
12,14,41,8,31,3
12,14,46,9,31,3
12,14,46,10,31,3
12,14,46,11,31,3
12,14,46,12,31,3
12,14,46,13,31,3
12,14,51,16,31,3
12,14,51,17,31,3
12,14,51,18,31,3
12,14,51,19,31,3
11,14,56,21,31,3
11,14,56,22,31,3
11,14,56,23,31,3
11,14,56,24,31,3
11,15,1,26,31,3
11,15,1,27,31,3
11,15,1,28,31,3
11,15,1,29,31,3
11,15,1,30,31,3
11,15,6,33,31,3
11,15,6,34,31,3
11,15,6,35,31,3
11,15,6,36,31,3
11,15,11,37,31,3
11,15,11,38,31,3
11,15,11,39,31,3
11,15,11,40,31,3
11,15,11,41,31,3
11,15,16,44,31,3
11,15,16,45,31,3
11,15,16,46,31,3
11,15,16,47,31,3
11,15,21,50,31,3
11,15,21,51,31,3
11,15,21,52,31,3
11,15,21,53,31,3
12,15,26,54,31,3
12,15,26,55,31,3
12,15,26,56,31,3
12,15,26,57,31,3
12,15,26,58,31,3
11,15,32,1,31,3
11,15,32,2,31,3
11,15,32,3,31,3
11,15,32,4,31,3
11,15,37,5,31,3
11,15,37,6,31,3
11,15,37,7,31,3
11,15,37,8,31,3
11,15,37,9,31,3
11,15,42,12,31,3
11,15,42,13,31,3
11,15,42,14,31,3
11,15,42,15,31,3
11,15,47,17,31,3
11,15,47,19,31,3
12,15,47,20,31,3
12,15,47,21,31,3
11,15,52,22,31,3
11,15,52,23,31,3
11,15,52,24,31,3
11,15,52,25,31,3
11,15,52,26,31,3
12,15,57,29,31,3
12,15,57,30,31,3
12,15,57,31,31,3
12,15,57,32,31,3
12,16,2,33,31,3
12,16,2,34,31,3
12,16,2,35,31,3
12,16,2,36,31,3
12,16,2,37,31,3
12,16,7,42,31,3
12,16,7,43,31,3
13,16,12,46,31,3
13,16,12,47,31,3
13,16,12,48,31,3
13,16,12,49,31,3
12,16,17,50,31,3
12,16,17,51,31,3
12,16,17,52,31,3
12,16,17,53,31,3
12,16,17,54,31,3
12,16,22,57,31,3
12,16,22,58,31,3
12,16,22,59,31,3
12,16,23,0,31,3
12,16,28,2,31,3
12,16,28,3,31,3
12,16,28,4,31,3
12,16,28,5,31,3
12,16,28,6,31,3
13,16,33,8,31,3
13,16,33,9,31,3
13,16,33,10,31,3
13,16,33,11,31,3
12,16,38,14,31,3
12,16,38,15,31,3
12,16,38,16,31,3
12,16,38,17,31,3
13,16,43,18,31,3
13,16,43,19,31,3
13,16,43,20,31,3
13,16,43,21,31,3
13,16,43,22,31,3
13,16,48,25,31,3
13,16,48,26,31,3
13,16,48,27,31,3
13,16,48,28,31,3
13,16,53,30,31,3
13,16,53,31,31,3
13,16,53,32,31,3
13,16,53,33,31,3
13,16,53,34,31,3
13,16,58,39,31,3
13,17,3,42,31,3
13,17,3,43,31,3
13,17,3,44,31,3
13,17,3,45,31,3
14,17,8,46,31,3
14,17,8,47,31,3
14,17,8,48,31,3
14,17,8,49,31,3
14,17,8,50,31,3
13,17,13,53,31,3
13,17,13,54,31,3
13,17,13,55,31,3
13,17,13,56,31,3
13,17,18,58,31,3
13,17,18,59,31,3
13,17,19,0,31,3
13,17,19,1,31,3
13,17,19,2,31,3
13,17,24,3,31,3
13,17,24,4,31,3
13,17,24,5,31,3
13,17,24,6,31,3
13,17,24,7,31,3
14,17,29,10,31,3
14,17,29,11,31,3
14,17,29,12,31,3
14,17,29,13,31,3
14,17,34,14,31,3
14,17,34,15,31,3
14,17,34,16,31,3
14,17,34,17,31,3
14,17,34,18,31,3
14,17,39,21,31,3
14,17,39,22,31,3
14,17,39,23,31,3
14,17,39,24,31,3
14,17,44,26,31,3
14,17,44,27,31,3
14,17,44,28,31,3
14,17,44,29,31,3
14,17,44,30,31,3
14,17,49,31,31,3
14,17,49,32,31,3
14,17,49,33,31,3
14,17,49,34,31,3
14,17,49,35,31,3
14,17,54,38,31,3
14,17,54,39,31,3
14,17,54,40,31,3
14,17,54,41,31,3
14,17,59,43,31,3
14,17,59,44,31,3
14,17,59,45,31,3
14,17,59,46,31,3
14,17,59,47,31,3
14,18,4,49,31,3
14,18,4,50,31,3
14,18,4,51,31,3
14,18,4,52,31,3
14,18,9,54,31,3
14,18,9,55,31,3
14,18,9,56,31,3
14,18,9,57,31,3
14,18,9,58,31,3
14,18,15,0,31,3
14,18,15,1,31,3
14,18,15,2,31,3
14,18,15,3,31,3
14,18,20,6,31,3
14,18,20,7,31,3
14,18,20,8,31,3
14,18,20,9,31,3
15,18,25,10,31,3
15,18,25,11,31,3
15,18,25,12,31,3
15,18,25,13,31,3
15,18,25,14,31,3
15,18,30,17,31,3
15,18,30,18,31,3
15,18,30,19,31,3
15,18,30,20,31,3
15,18,35,21,31,3
15,18,35,22,31,3
15,18,35,23,31,3
15,18,35,24,31,3
15,18,35,25,31,3
16,18,40,28,31,3
16,18,40,29,31,3
16,18,40,30,31,3
16,18,40,31,31,3
15,18,45,33,31,3
15,18,45,34,31,3
15,18,45,35,31,3
15,18,45,36,31,3
15,18,45,37,31,3
15,18,50,39,31,3
15,18,50,40,31,3
15,18,50,41,31,3
16,18,55,45,31,3
16,18,55,46,31,3
16,18,55,47,31,3
16,18,55,48,31,3
15,19,0,50,31,3
15,19,0,51,31,3
15,19,0,52,31,3
15,19,0,53,31,3
15,19,0,54,31,3
15,19,5,56,31,3
15,19,5,57,31,3
15,19,5,58,31,3
15,19,5,59,31,3
16,19,11,1,31,3
16,19,11,2,31,3
16,19,11,3,31,3
16,19,11,4,31,3
16,19,11,5,31,3
15,19,16,7,31,3
15,19,16,8,31,3
15,19,16,9,31,3
15,19,16,10,31,3
15,19,16,11,31,3
15,19,21,13,31,3
15,19,21,14,31,3
15,19,21,15,31,3
15,19,21,16,31,3
16,19,26,18,31,3
16,19,26,19,31,3
16,19,26,20,31,3
16,19,26,21,31,3
16,19,26,22,31,3
14,19,31,24,31,3
14,19,31,25,31,3
14,19,31,26,31,3
14,19,31,27,31,3
15,19,36,29,31,3
15,19,36,30,31,3
15,19,36,31,31,3
15,19,36,32,31,3
15,19,36,33,31,3
15,19,41,35,31,3
15,19,41,36,31,3
15,19,41,38,31,3
15,19,41,39,31,3
15,19,46,41,31,3
15,19,46,42,31,3
15,19,46,43,31,3
15,19,46,44,31,3
16,19,51,46,31,3
15,19,51,47,31,3
15,19,51,48,31,3
15,19,51,49,31,3
15,19,51,50,31,3
15,19,56,52,31,3
15,19,56,53,31,3
15,19,56,54,31,3
15,19,56,55,31,3
15,20,1,57,31,3
15,20,1,58,31,3
15,20,1,59,31,3
15,20,2,0,31,3
15,20,2,1,31,3
15,20,7,3,31,3
15,20,7,4,31,3
15,20,7,5,31,3
15,20,7,6,31,3
15,20,7,7,31,3
15,20,12,9,31,3
15,20,12,10,31,3
15,20,12,11,31,3
15,20,12,12,31,3
15,20,17,14,31,3
15,20,17,15,31,3
15,20,17,16,31,3
15,20,17,17,31,3
15,20,17,18,31,3
16,20,22,20,31,3
16,20,22,21,31,3
16,20,22,22,31,3
16,20,22,23,31,3
15,20,27,26,31,3
15,20,27,27,31,3
15,20,27,28,31,3
15,20,27,29,31,3
15,20,32,31,31,3
15,20,32,32,31,3
15,20,32,33,31,3
15,20,32,34,31,3
15,20,32,35,31,3
15,20,37,37,31,3
15,20,37,38,31,3
15,20,37,39,31,3
15,20,37,40,31,3
14,20,42,42,31,3
14,20,42,43,31,3
14,20,42,44,31,3
14,20,42,45,31,3
14,20,42,46,31,3
15,20,47,48,31,3
15,20,47,49,31,3
15,20,47,50,31,3
15,20,47,51,31,3
14,20,52,54,31,3
14,20,52,55,31,3
14,20,52,56,31,3
14,20,52,57,31,3
14,20,57,59,31,3
14,20,58,0,31,3
14,20,58,1,31,3
14,20,58,2,31,3
14,20,58,3,31,3
14,21,3,5,31,3
14,21,3,6,31,3
14,21,3,7,31,3
14,21,3,8,31,3
15,21,8,10,31,3
15,21,8,11,31,3
15,21,8,12,31,3
15,21,8,13,31,3
15,21,8,14,31,3
14,21,13,17,31,3
14,21,13,18,31,3
14,21,13,19,31,3
14,21,13,20,31,3
13,21,18,21,31,3
13,21,18,22,31,3
13,21,18,23,31,3
13,21,18,24,31,3
13,21,18,25,31,3
13,21,23,28,31,3
13,21,23,29,31,3
13,21,23,30,31,3
13,21,28,33,31,3
13,21,28,34,31,3
13,21,28,35,31,3
13,21,28,36,31,3
14,21,33,38,31,3
13,21,33,39,31,3
13,21,33,40,31,3
14,21,33,41,31,3
13,21,33,42,31,3
13,21,38,45,31,3
13,21,38,46,31,3
13,21,38,47,31,3
13,21,38,48,31,3
13,21,43,49,31,3
13,21,43,50,31,3
13,21,43,51,31,3
13,21,43,52,31,3
13,21,43,53,31,3
12,21,48,56,31,3
12,21,48,57,31,3
12,21,48,58,31,3
12,21,48,59,31,3
12,21,54,1,31,3
12,21,54,2,31,3
12,21,54,3,31,3
12,21,54,4,31,3
12,21,59,6,31,3
12,21,59,7,31,3
12,21,59,8,31,3
13,21,59,9,31,3
13,21,59,10,31,3
13,22,4,13,31,3
13,22,4,14,31,3
13,22,4,15,31,3
13,22,4,16,31,3
14,22,9,17,31,3
14,22,9,18,31,3
14,22,9,19,31,3
14,22,9,20,31,3
14,22,9,21,31,3
14,22,14,25,31,3
14,22,14,26,31,3
14,22,14,27,31,3
15,22,19,29,31,3
15,22,19,30,31,3
15,22,19,31,31,3
15,22,19,32,31,3
15,22,24,34,31,3
15,22,24,35,31,3
15,22,24,36,31,3
15,22,24,37,31,3
15,22,24,38,31,3
15,22,29,41,31,3
15,22,29,42,31,3
15,22,29,43,31,3
15,22,29,44,31,3
15,22,34,45,31,3
15,22,34,46,31,3
14,22,34,47,31,3
14,22,34,48,31,3
14,22,34,49,31,3
15,22,39,51,31,3
15,22,39,52,31,3
15,22,39,53,31,3
15,22,39,54,31,3
15,22,39,55,31,3
14,22,44,58,31,3
14,22,44,59,31,3
14,22,45,0,31,3
14,22,45,1,31,3
14,22,50,2,31,3
14,22,50,3,31,3
14,22,50,4,31,3
14,22,50,5,31,3
14,22,50,6,31,3
15,22,55,9,31,3
15,22,55,10,31,3
15,22,55,11,31,3
15,22,55,12,31,3
14,23,0,14,31,3
14,23,0,15,31,3
14,23,0,16,31,3
14,23,0,17,31,3
12,23,5,19,31,3
12,23,5,20,31,3
12,23,5,21,31,3
12,23,5,22,31,3
12,23,5,23,31,3
12,23,10,25,31,3
12,23,10,26,31,3
12,23,10,27,31,3
12,23,10,28,31,3
11,23,15,30,31,3
11,23,15,31,31,3
11,23,15,32,31,3
11,23,15,33,31,3
11,23,15,34,31,3
11,23,20,37,31,3
11,23,20,38,31,3
11,23,20,39,31,3
11,23,20,40,31,3
12,23,25,41,31,3
12,23,25,42,31,3
12,23,25,43,31,3
12,23,25,44,31,3
12,23,25,45,31,3
11,23,30,47,31,3
11,23,30,48,31,3
11,23,30,49,31,3
11,23,30,50,31,3
11,23,30,51,31,3
11,23,35,54,31,3
11,23,35,55,31,3
11,23,35,56,31,3
11,23,35,57,31,3
12,23,40,58,31,3
11,23,40,59,31,3
11,23,41,0,31,3
11,23,41,1,31,3
11,23,41,2,31,3
11,23,46,5,31,3
11,23,51,11,31,3
11,23,51,12,31,3
11,23,51,13,31,3
11,23,51,14,31,3
10,23,56,15,31,3
10,23,56,16,31,3
10,23,56,17,31,3
10,23,56,18,31,3
10,23,56,19,31,3
10,0,1,22,1,4
10,0,1,23,1,4
10,0,1,24,1,4
10,0,1,25,1,4
10,0,6,26,1,4
10,0,6,27,1,4
10,0,6,28,1,4
10,0,6,29,1,4
10,0,6,30,1,4
11,0,11,33,1,4
11,0,11,34,1,4
11,0,11,35,1,4
11,0,11,36,1,4
11,0,16,39,1,4
11,0,16,40,1,4
11,0,16,41,1,4
11,0,16,42,1,4
10,0,21,43,1,4
10,0,21,44,1,4
10,0,21,45,1,4
10,0,21,46,1,4
10,0,21,47,1,4
10,0,26,50,1,4
10,0,26,51,1,4
10,0,26,52,1,4
10,0,26,53,1,4
10,0,31,54,1,4
10,0,31,55,1,4
10,0,31,56,1,4
10,0,31,57,1,4
10,0,31,58,1,4
10,0,37,1,1,4
10,0,37,2,1,4
10,0,37,3,1,4
10,0,37,4,1,4
10,0,42,5,1,4
10,0,42,6,1,4
10,0,42,7,1,4
10,0,42,8,1,4
10,0,42,9,1,4
