5,14,17,25,30,3
5,14,17,26,30,3
5,14,17,27,30,3
5,14,17,28,30,3
5,14,17,29,30,3
4,14,22,21,30,3
4,14,22,22,30,3
4,14,22,23,30,3
4,14,22,24,30,3
5,14,27,26,30,3
5,14,27,27,30,3
5,14,27,28,30,3
4,14,27,29,30,3
5,14,27,30,30,3
5,14,27,37,30,3
4,14,27,38,30,3
4,14,27,39,30,3
4,14,27,40,30,3
5,14,32,32,30,3
5,14,32,33,30,3
5,14,32,34,30,3
5,14,32,35,30,3
5,14,32,42,30,3
5,14,32,43,30,3
5,14,32,44,30,3
5,14,32,45,30,3
5,14,32,46,30,3
5,14,37,37,30,3
5,14,37,38,30,3
5,14,37,39,30,3
5,14,37,40,30,3
5,14,37,41,30,3
5,14,37,48,30,3
5,14,37,49,30,3
5,14,37,50,30,3
5,14,37,51,30,3
5,14,42,44,30,3
5,14,42,45,30,3
5,14,42,53,30,3
5,14,42,54,30,3
5,14,42,55,30,3
5,14,42,56,30,3
5,14,42,57,30,3
5,14,47,49,30,3
5,14,47,50,30,3
5,14,47,51,30,3
5,14,47,52,30,3
5,14,52,54,30,3
5,14,52,55,30,3
5,14,52,56,30,3
5,14,52,57,30,3
5,14,52,58,30,3
5,14,53,5,30,3
5,14,53,6,30,3
5,14,53,7,30,3
5,14,53,8,30,3
5,14,58,0,30,3
5,14,58,1,30,3
5,14,58,2,30,3
5,14,58,3,30,3
5,14,58,10,30,3
5,14,58,11,30,3
5,14,58,12,30,3
5,14,58,13,30,3
5,14,58,14,30,3
5,15,3,5,30,3
5,15,3,6,30,3
5,15,3,7,30,3
5,15,3,8,30,3
5,15,3,9,30,3
5,15,3,16,30,3
5,15,3,17,30,3
5,15,3,18,30,3
5,15,3,19,30,3
5,15,8,11,30,3
5,15,8,12,30,3
5,15,8,13,30,3
5,15,8,14,30,3
5,15,8,15,30,3
5,15,8,21,30,3
5,15,8,22,30,3
5,15,8,23,30,3
5,15,8,24,30,3
5,15,8,25,30,3
5,15,13,17,30,3
5,15,13,18,30,3
5,15,13,19,30,3
5,15,13,20,30,3
5,15,13,28,30,3
5,15,13,29,30,3
5,15,13,30,30,3
5,15,13,31,30,3
5,15,18,22,30,3
5,15,18,23,30,3
5,15,18,24,30,3
5,15,18,25,30,3
5,15,18,26,30,3
5,15,18,33,30,3
5,15,18,34,30,3
5,15,18,35,30,3
5,15,18,36,30,3
5,15,23,28,30,3
5,15,23,29,30,3
5,15,23,31,30,3
5,15,23,32,30,3
5,15,23,38,30,3
5,15,23,39,30,3
5,15,23,40,30,3
5,15,23,41,30,3
5,15,23,42,30,3
5,15,28,33,30,3
5,15,28,34,30,3
5,15,28,35,30,3
5,15,28,36,30,3
5,15,28,37,30,3
5,15,28,44,30,3
5,15,28,45,30,3
5,15,28,46,30,3
5,15,28,47,30,3
5,15,33,49,30,3
5,15,33,50,30,3
5,15,33,51,30,3
5,15,33,52,30,3
5,15,33,53,30,3
5,15,38,45,30,3
5,15,38,46,30,3
5,15,38,47,30,3
5,15,38,48,30,3
5,15,43,50,30,3
5,15,43,51,30,3
5,15,43,52,30,3
5,15,43,53,30,3
5,15,43,54,30,3
5,15,44,1,30,3
5,15,44,2,30,3
5,15,44,3,30,3
5,15,44,4,30,3
5,15,48,56,30,3
5,15,48,57,30,3
5,15,48,58,30,3
5,15,48,59,30,3
5,15,49,6,30,3
5,15,49,7,30,3
5,15,49,8,30,3
5,15,49,9,30,3
5,15,49,10,30,3
5,15,54,1,30,3
5,15,54,2,30,3
5,15,54,3,30,3
5,15,54,4,30,3
5,15,54,5,30,3
5,15,54,13,30,3
5,15,54,14,30,3
5,15,54,15,30,3
5,15,54,16,30,3
5,15,59,18,30,3
5,15,59,19,30,3
5,15,59,20,30,3
5,15,59,21,30,3
5,16,4,13,30,3
5,16,4,14,30,3
5,16,4,15,30,3
5,16,4,16,30,3
5,16,4,23,30,3
5,16,4,24,30,3
5,16,4,25,30,3
5,16,4,26,30,3
5,16,4,27,30,3
5,16,9,18,30,3
5,16,9,19,30,3
5,16,9,20,30,3
5,16,9,21,30,3
5,16,9,22,30,3
5,16,9,29,30,3
5,16,9,30,30,3
5,16,9,31,30,3
5,16,9,32,30,3
5,16,14,25,30,3
5,16,14,26,30,3
5,16,14,27,30,3
5,16,14,28,30,3
5,16,14,34,30,3
5,16,14,35,30,3
5,16,14,36,30,3
5,16,14,37,30,3
5,16,14,38,30,3
5,16,19,29,30,3
5,16,19,30,30,3
5,16,19,31,30,3
5,16,19,32,30,3
5,16,19,33,30,3
5,16,19,41,30,3
5,16,19,42,30,3
5,16,19,43,30,3
5,16,19,44,30,3
6,16,24,36,30,3
6,16,24,37,30,3
6,16,24,38,30,3
6,16,24,39,30,3
6,16,24,46,30,3
6,16,24,47,30,3
6,16,24,48,30,3
6,16,24,49,30,3
6,16,29,41,30,3
6,16,29,42,30,3
6,16,29,43,30,3
6,16,29,44,30,3
6,16,29,51,30,3
6,16,29,52,30,3
6,16,29,53,30,3
6,16,29,54,30,3
6,16,29,55,30,3
6,16,34,46,30,3
6,16,34,47,30,3
6,16,34,48,30,3
6,16,34,49,30,3
6,16,34,50,30,3
6,16,34,57,30,3
6,16,34,58,30,3
6,16,34,59,30,3
6,16,35,0,30,3
6,16,39,52,30,3
6,16,39,53,30,3
6,16,39,54,30,3
6,16,39,55,30,3
6,16,40,2,30,3
6,16,40,3,30,3
6,16,40,4,30,3
6,16,40,5,30,3
6,16,40,6,30,3
6,16,44,57,30,3
6,16,44,58,30,3
6,16,44,59,30,3
6,16,45,0,30,3
6,16,45,1,30,3
6,16,45,8,30,3
6,16,45,9,30,3
6,16,45,10,30,3
6,16,45,11,30,3
6,16,45,12,30,3
6,16,50,4,30,3
6,16,50,5,30,3
6,16,50,6,30,3
6,16,50,7,30,3
6,16,50,15,30,3
6,16,50,16,30,3
6,16,50,17,30,3
6,16,50,18,30,3
6,16,55,8,30,3
6,16,55,9,30,3
6,16,55,10,30,3
6,16,55,11,30,3
6,16,55,12,30,3
6,16,55,19,30,3
6,16,55,20,30,3
6,16,55,21,30,3
6,16,55,22,30,3
6,16,55,23,30,3
6,17,0,14,30,3
6,17,0,15,30,3
6,17,0,16,30,3
6,17,0,17,30,3
6,17,0,18,30,3
6,17,0,25,30,3
6,17,0,26,30,3
6,17,0,27,30,3
6,17,0,28,30,3
6,17,0,29,30,3
6,17,5,21,30,3
6,17,5,22,30,3
6,17,5,23,30,3
6,17,5,24,30,3
6,17,5,31,30,3
6,17,5,32,30,3
6,17,5,33,30,3
6,17,5,34,30,3
6,17,10,25,30,3
6,17,10,26,30,3
6,17,10,27,30,3
6,17,10,28,30,3
6,17,10,29,30,3
6,17,10,36,30,3
6,17,10,37,30,3
6,17,10,38,30,3
6,17,10,39,30,3
6,17,10,40,30,3
6,17,15,35,30,3
6,17,15,43,30,3
6,17,15,44,30,3
6,17,15,45,30,3
6,17,15,46,30,3
6,17,20,37,30,3
6,17,20,38,30,3
6,17,20,39,30,3
6,17,20,40,30,3
6,17,20,48,30,3
6,17,20,49,30,3
6,17,20,50,30,3
6,17,20,51,30,3
6,17,25,42,30,3
6,17,25,43,30,3
6,17,25,44,30,3
6,17,25,45,30,3
6,17,25,46,30,3
6,17,25,53,30,3
6,17,25,54,30,3
6,17,25,55,30,3
7,17,25,56,30,3
6,17,25,57,30,3
6,17,30,49,30,3
6,17,30,50,30,3
6,17,30,51,30,3
6,17,30,52,30,3
6,17,31,0,30,3
6,17,31,1,30,3
6,17,31,2,30,3
6,17,31,3,30,3
6,17,35,53,30,3
6,17,35,54,30,3
6,17,35,55,30,3
6,17,35,56,30,3
6,17,35,57,30,3
6,17,36,4,30,3
6,17,36,5,30,3
6,17,36,6,30,3
6,17,36,7,30,3
6,17,36,8,30,3
6,17,41,0,30,3
6,17,41,1,30,3
6,17,41,2,30,3
6,17,41,3,30,3
6,17,41,11,30,3
6,17,41,12,30,3
6,17,41,13,30,3
6,17,41,14,30,3
6,17,46,5,30,3
6,17,46,6,30,3
6,17,46,7,30,3
6,17,46,8,30,3
6,17,46,16,30,3
6,17,46,17,30,3
6,17,46,19,30,3
6,17,46,20,30,3
6,17,51,10,30,3
6,17,51,11,30,3
6,17,51,12,30,3
6,17,51,13,30,3
6,17,51,14,30,3
6,17,51,21,30,3
6,17,51,22,30,3
6,17,51,23,30,3
6,17,51,24,30,3
6,17,51,25,30,3
7,17,56,17,30,3
7,17,56,18,30,3
7,17,56,19,30,3
7,17,56,20,30,3
7,17,56,28,30,3
7,17,56,29,30,3
7,17,56,30,30,3
7,17,56,31,30,3
7,18,1,21,30,3
7,18,1,22,30,3
7,18,1,23,30,3
7,18,1,24,30,3
7,18,1,25,30,3
7,18,1,32,30,3
7,18,1,33,30,3
7,18,1,34,30,3
7,18,1,35,30,3
7,18,1,36,30,3
7,18,6,39,30,3
7,18,6,40,30,3
7,18,6,41,30,3
7,18,11,34,30,3
7,18,11,35,30,3
7,18,11,36,30,3
7,18,11,37,30,3
7,18,11,45,30,3
7,18,11,46,30,3
7,18,11,47,30,3
7,18,11,48,30,3
7,18,16,38,30,3
7,18,16,39,30,3
7,18,16,40,30,3
7,18,16,41,30,3
7,18,16,42,30,3
7,18,16,49,30,3
7,18,16,50,30,3
7,18,16,51,30,3
7,18,16,52,30,3
7,18,16,53,30,3
7,18,21,45,30,3
7,18,21,46,30,3
7,18,21,47,30,3
7,18,21,48,30,3
7,18,21,56,30,3
7,18,21,57,30,3
7,18,21,58,30,3
7,18,21,59,30,3
7,18,26,49,30,3
7,18,26,50,30,3
7,18,26,51,30,3
7,18,26,52,30,3
7,18,26,53,30,3
7,18,27,1,30,3
7,18,27,2,30,3
7,18,27,4,30,3
7,18,27,5,30,3
7,18,31,56,30,3
7,18,31,57,30,3
7,18,31,58,30,3
7,18,32,6,30,3
7,18,32,7,30,3
7,18,32,8,30,3
7,18,32,9,30,3
7,18,32,10,30,3
7,18,37,2,30,3
7,18,37,3,30,3
7,18,37,4,30,3
7,18,37,5,30,3
7,18,37,13,30,3
7,18,37,14,30,3
7,18,37,15,30,3
7,18,37,16,30,3
7,18,42,6,30,3
7,18,42,7,30,3
7,18,42,8,30,3
7,18,42,9,30,3
7,18,42,10,30,3
7,18,42,17,30,3
7,18,42,18,30,3
7,18,42,19,30,3
7,18,42,20,30,3
7,18,42,21,30,3
7,18,47,13,30,3
7,18,47,14,30,3
7,18,47,15,30,3
7,18,47,16,30,3
7,18,47,24,30,3
7,18,47,25,30,3
7,18,52,17,30,3
7,18,52,18,30,3
7,18,52,19,30,3
7,18,52,20,30,3
7,18,52,21,30,3
7,18,52,30,30,3
7,18,52,31,30,3
7,18,52,32,30,3
7,18,52,33,30,3
7,18,57,24,30,3
7,18,57,25,30,3
7,18,57,26,30,3
7,18,57,27,30,3
7,18,57,34,30,3
7,18,57,35,30,3
7,18,57,36,30,3
7,18,57,37,30,3
7,18,57,38,30,3
7,19,2,30,30,3
7,19,2,31,30,3
7,19,2,32,30,3
7,19,2,33,30,3
7,19,2,41,30,3
7,19,2,42,30,3
7,19,2,43,30,3
7,19,2,44,30,3
7,19,7,35,30,3
7,19,7,36,30,3
7,19,7,37,30,3
7,19,7,38,30,3
7,19,7,45,30,3
7,19,7,46,30,3
7,19,7,47,30,3
7,19,7,48,30,3
7,19,7,49,30,3
6,19,12,41,30,3
6,19,12,42,30,3
6,19,12,43,30,3
6,19,12,44,30,3
6,19,12,52,30,3
6,19,12,53,30,3
6,19,12,54,30,3
6,19,12,55,30,3
6,19,17,45,30,3
6,19,17,46,30,3
6,19,17,47,30,3
6,19,17,48,30,3
6,19,17,49,30,3
6,19,17,57,30,3
6,19,17,58,30,3
6,19,17,59,30,3
6,19,18,0,30,3
6,19,18,1,30,3
6,19,22,52,30,3
6,19,22,53,30,3
6,19,22,54,30,3
6,19,22,55,30,3
6,19,23,2,30,3
6,19,23,3,30,3
6,19,23,4,30,3
6,19,23,5,30,3
6,19,23,6,30,3
6,19,27,56,30,3
6,19,27,57,30,3
6,19,27,58,30,3
6,19,27,59,30,3
6,19,28,0,30,3
6,19,28,9,30,3
6,19,28,10,30,3
6,19,28,11,30,3
6,19,28,12,30,3
6,19,33,2,30,3
6,19,33,3,30,3
6,19,33,4,30,3
6,19,33,5,30,3
6,19,33,6,30,3
6,19,33,13,30,3
6,19,33,14,30,3
6,19,33,15,30,3
6,19,33,16,30,3
6,19,33,17,30,3
6,19,38,9,30,3
6,19,38,10,30,3
6,19,38,11,30,3
6,19,38,12,30,3
6,19,38,20,30,3
6,19,38,21,30,3
6,19,38,22,30,3
6,19,38,23,30,3
6,19,43,13,30,3
6,19,43,14,30,3
6,19,43,15,30,3
6,19,43,16,30,3
6,19,43,17,30,3
6,19,43,25,30,3
6,19,43,26,30,3
6,19,43,27,30,3
6,19,43,28,30,3
6,19,43,29,30,3
6,19,48,20,30,3
6,19,48,21,30,3
6,19,48,22,30,3
6,19,48,23,30,3
6,19,48,30,30,3
6,19,48,31,30,3
6,19,48,32,30,3
6,19,48,33,30,3
6,19,48,34,30,3
6,19,53,26,30,3
6,19,53,27,30,3
6,19,53,28,30,3
6,19,53,29,30,3
6,19,53,37,30,3
6,19,53,38,30,3
6,19,53,39,30,3
6,19,53,40,30,3
6,19,58,30,30,3
6,19,58,31,30,3
6,19,58,32,30,3
6,19,58,33,30,3
6,19,58,34,30,3
6,19,58,41,30,3
6,19,58,42,30,3
6,19,58,43,30,3
6,19,58,44,30,3
6,19,58,45,30,3
6,20,3,37,30,3
6,20,3,38,30,3
6,20,3,39,30,3
6,20,3,40,30,3
6,20,3,48,30,3
6,20,3,49,30,3
6,20,3,50,30,3
6,20,3,51,30,3
6,20,8,41,30,3
6,20,8,42,30,3
6,20,8,43,30,3
6,20,8,45,30,3
6,20,8,46,30,3
6,20,8,53,30,3
6,20,8,54,30,3
6,20,8,55,30,3
6,20,8,56,30,3
6,20,8,57,30,3
6,20,13,58,30,3
6,20,13,59,30,3
6,20,14,0,30,3
6,20,14,1,30,3
6,20,14,2,30,3
6,20,18,54,30,3
6,20,18,55,30,3
6,20,18,56,30,3
6,20,18,57,30,3
6,20,19,5,30,3
6,20,19,6,30,3
6,20,19,7,30,3
6,20,19,8,30,3
6,20,23,58,30,3
6,20,23,59,30,3
6,20,24,0,30,3
6,20,24,1,30,3
6,20,24,2,30,3
6,20,24,9,30,3
6,20,24,10,30,3
6,20,24,11,30,3
6,20,24,13,30,3
6,20,24,14,30,3
6,20,29,5,30,3
6,20,29,6,30,3
6,20,29,7,30,3
6,20,29,8,30,3
6,20,29,16,30,3
6,20,29,17,30,3
6,20,29,18,30,3
6,20,29,19,30,3
6,20,34,11,30,3
6,20,34,12,30,3
6,20,34,13,30,3
6,20,34,14,30,3
6,20,34,22,30,3
6,20,34,23,30,3
6,20,34,24,30,3
6,20,34,25,30,3
6,20,39,15,30,3
6,20,39,16,30,3
6,20,39,17,30,3
6,20,39,18,30,3
6,20,39,19,30,3
6,20,39,26,30,3
6,20,39,27,30,3
6,20,39,28,30,3
6,20,39,29,30,3
6,20,39,30,30,3
6,20,44,22,30,3
6,20,44,23,30,3
6,20,44,24,30,3
6,20,44,25,30,3
6,20,44,33,30,3
6,20,44,34,30,3
6,20,44,35,30,3
6,20,44,36,30,3
6,20,49,27,30,3
6,20,49,28,30,3
6,20,49,29,30,3
6,20,49,30,30,3
6,20,49,31,30,3
6,20,49,39,30,3
6,20,49,40,30,3
6,20,49,41,30,3
6,20,49,42,30,3
6,20,54,32,30,3
6,20,54,33,30,3
6,20,54,34,30,3
6,20,54,35,30,3
6,20,54,36,30,3
6,20,54,43,30,3
6,20,54,44,30,3
6,20,54,45,30,3
6,20,54,46,30,3
6,20,54,47,30,3
6,20,59,39,30,3
6,20,59,40,30,3
6,20,59,41,30,3
6,20,59,42,30,3
6,20,59,50,30,3
6,20,59,51,30,3
6,20,59,52,30,3
6,20,59,53,30,3
6,21,4,44,30,3
6,21,4,45,30,3
6,21,4,46,30,3
6,21,4,47,30,3
6,21,4,48,30,3
6,21,4,55,30,3
6,21,4,56,30,3
6,21,4,57,30,3
6,21,4,58,30,3
6,21,4,59,30,3
6,21,9,50,30,3
6,21,9,51,30,3
6,21,9,52,30,3
6,21,9,53,30,3
6,21,10,1,30,3
6,21,10,2,30,3
6,21,10,3,30,3
6,21,10,4,30,3
6,21,14,56,30,3
6,21,14,57,30,3
6,21,14,58,30,3
6,21,14,59,30,3
6,21,15,7,30,3
6,21,15,8,30,3
6,21,15,9,30,3
6,21,15,10,30,3
6,21,20,0,30,3
6,21,20,1,30,3
6,21,20,2,30,3
6,21,20,3,30,3
6,21,20,4,30,3
6,21,20,11,30,3
6,21,20,12,30,3
6,21,20,13,30,3
6,21,20,14,30,3
6,21,20,15,30,3
6,21,25,7,30,3
6,21,25,8,30,3
6,21,25,9,30,3
6,21,25,10,30,3
6,21,25,18,30,3
6,21,25,19,30,3
6,21,25,20,30,3
6,21,25,21,30,3
6,21,30,12,30,3
6,21,30,13,30,3
6,21,30,14,30,3
6,21,30,15,30,3
6,21,30,16,30,3
6,21,30,23,30,3
6,21,30,24,30,3
6,21,30,25,30,3
6,21,30,26,30,3
6,21,30,27,30,3
7,21,35,17,30,3
7,21,35,18,30,3
7,21,35,19,30,3
6,21,35,20,30,3
6,21,35,21,30,3
6,21,35,28,30,3
6,21,35,29,30,3
6,21,35,30,30,3
6,21,35,31,30,3
6,21,35,32,30,3
7,21,40,24,30,3
7,21,40,25,30,3
7,21,40,26,30,3
7,21,40,27,30,3
7,21,40,35,30,3
7,21,40,36,30,3
7,21,40,37,30,3
7,21,40,38,30,3
7,21,45,29,30,3
7,21,45,30,30,3
7,21,45,31,30,3
7,21,45,32,30,3
7,21,45,33,30,3
7,21,45,40,30,3
7,21,45,41,30,3
7,21,45,42,30,3
7,21,45,43,30,3
7,21,45,44,30,3
7,21,50,35,30,3
7,21,50,36,30,3
7,21,50,37,30,3
7,21,50,38,30,3
7,21,50,46,30,3
7,21,50,47,30,3
7,21,50,48,30,3
7,21,50,49,30,3
7,21,55,40,30,3
7,21,55,41,30,3
7,21,55,42,30,3
7,21,55,43,30,3
7,21,55,44,30,3
7,21,55,51,30,3
7,21,55,52,30,3
7,21,55,53,30,3
7,21,55,54,30,3
7,21,55,55,30,3
8,22,0,46,30,3
8,22,0,47,30,3
8,22,0,48,30,3
8,22,0,49,30,3
8,22,0,56,30,3
8,22,0,57,30,3
7,22,0,58,30,3
7,22,0,59,30,3
7,22,1,0,30,3
8,22,5,51,30,3
8,22,5,52,30,3
8,22,5,53,30,3
8,22,5,54,30,3
8,22,5,55,30,3
8,22,6,3,30,3
8,22,6,4,30,3
8,22,6,5,30,3
8,22,6,6,30,3
8,22,10,58,30,3
8,22,10,59,30,3
8,22,11,0,30,3
8,22,11,8,30,3
8,22,11,9,30,3
8,22,11,10,30,3
8,22,11,11,30,3
8,22,11,12,30,3
8,22,16,3,30,3
8,22,16,4,30,3
8,22,16,5,30,3
8,22,16,6,30,3
8,22,16,14,30,3
8,22,16,15,30,3
8,22,16,16,30,3
8,22,16,17,30,3
8,22,21,7,30,3
8,22,21,8,30,3
8,22,21,9,30,3
8,22,21,10,30,3
8,22,21,11,30,3
8,22,21,19,30,3
8,22,21,20,30,3
8,22,21,21,30,3
8,22,21,22,30,3
8,22,21,23,30,3
8,22,26,14,30,3
8,22,26,15,30,3
8,22,26,16,30,3
8,22,26,17,30,3
8,22,26,26,30,3
8,22,26,27,30,3
8,22,26,28,30,3
8,22,31,19,30,3
8,22,31,20,30,3
8,22,31,21,30,3
8,22,31,22,30,3
8,22,31,23,30,3
8,22,31,31,30,3
8,22,31,32,30,3
8,22,31,33,30,3
8,22,31,34,30,3
8,22,36,25,30,3
8,22,36,26,30,3
8,22,36,27,30,3
8,22,36,28,30,3
8,22,36,36,30,3
8,22,36,37,30,3
8,22,36,38,30,3
8,22,36,39,30,3
8,22,36,40,30,3
8,22,41,30,30,3
8,22,41,31,30,3
8,22,41,32,30,3
8,22,41,33,30,3
8,22,41,34,30,3
8,22,41,42,30,3
8,22,41,43,30,3
8,22,41,44,30,3
8,22,41,45,30,3
8,22,46,35,30,3
8,22,46,36,30,3
8,22,46,37,30,3
8,22,46,38,30,3
8,22,46,39,30,3
8,22,46,47,30,3
8,22,46,48,30,3
8,22,46,49,30,3
8,22,46,50,30,3
8,22,46,51,30,3
9,22,51,42,30,3
9,22,51,43,30,3
9,22,51,44,30,3
9,22,51,45,30,3
9,22,51,52,30,3
9,22,51,53,30,3
9,22,51,55,30,3
9,22,51,56,30,3
9,22,51,57,30,3
10,22,56,47,30,3
10,22,56,48,30,3
10,22,56,49,30,3
10,22,56,50,30,3
10,22,56,51,30,3
10,22,56,59,30,3
10,22,57,0,30,3
10,22,57,1,30,3
10,22,57,2,30,3
10,23,1,53,30,3
10,23,1,54,30,3
10,23,1,55,30,3
10,23,2,4,30,3
10,23,2,5,30,3
10,23,2,6,30,3
10,23,2,7,30,3
10,23,2,8,30,3
9,23,6,59,30,3
9,23,7,0,30,3
9,23,7,1,30,3
9,23,7,2,30,3
9,23,7,10,30,3
9,23,7,11,30,3
9,23,7,12,30,3
9,23,7,13,30,3
8,23,12,4,30,3
8,23,12,5,30,3
8,23,12,6,30,3
8,23,12,7,30,3
8,23,12,8,30,3
8,23,12,15,30,3
8,23,12,16,30,3
8,23,12,17,30,3
8,23,12,18,30,3
7,23,12,19,30,3
8,23,17,10,30,3
8,23,17,11,30,3
8,23,17,12,30,3
8,23,17,13,30,3
8,23,17,21,30,3
8,23,17,22,30,3
8,23,17,23,30,3
8,23,17,24,30,3
8,23,17,25,30,3
9,23,22,16,30,3
9,23,22,17,30,3
9,23,22,18,30,3
9,23,22,19,30,3
9,23,22,27,30,3
9,23,22,28,30,3
9,23,22,29,30,3
9,23,22,30,30,3
8,23,27,21,30,3
8,23,27,22,30,3
8,23,27,23,30,3
8,23,27,24,30,3
8,23,27,25,30,3
8,23,27,32,30,3
8,23,27,33,30,3
8,23,27,34,30,3
8,23,27,35,30,3
8,23,27,36,30,3
8,23,32,27,30,3
8,23,32,28,30,3
8,23,32,29,30,3
8,23,32,30,30,3
8,23,32,38,30,3
8,23,32,39,30,3
8,23,32,40,30,3
8,23,32,41,30,3
8,23,37,32,30,3
8,23,37,33,30,3
8,23,37,34,30,3
8,23,37,35,30,3
8,23,37,36,30,3
8,23,37,43,30,3
8,23,37,44,30,3
8,23,37,45,30,3
8,23,37,46,30,3
8,23,37,47,30,3
8,23,42,38,30,3
8,23,42,39,30,3
8,23,42,40,30,3
8,23,42,41,30,3
8,23,42,49,30,3
8,23,42,50,30,3
8,23,42,51,30,3
9,23,47,43,30,3
9,23,47,44,30,3
9,23,47,45,30,3
9,23,47,46,30,3
9,23,47,47,30,3
9,23,47,55,30,3
9,23,47,56,30,3
9,23,47,57,30,3
9,23,47,58,30,3
8,23,52,49,30,3
8,23,52,50,30,3
8,23,52,51,30,3
8,23,52,52,30,3
8,23,53,0,30,3
8,23,53,1,30,3
8,23,53,2,30,3
8,23,53,3,30,3
8,23,53,4,30,3
8,23,57,55,30,3
8,23,57,56,30,3
8,23,57,57,30,3
8,23,57,58,30,3
8,23,58,6,30,3
8,23,58,7,30,3
8,23,58,8,30,3
8,23,58,9,30,3
7,0,3,0,31,3
7,0,3,1,31,3
7,0,3,2,31,3
7,0,3,3,31,3
7,0,3,4,31,3
7,0,3,11,31,3
7,0,3,12,31,3
7,0,3,13,31,3
7,0,3,14,31,3
7,0,3,15,31,3
7,0,8,6,31,3
7,0,8,7,31,3
7,0,8,8,31,3
7,0,8,9,31,3
6,0,13,12,31,3
6,0,13,13,31,3
6,0,13,14,31,3
6,0,13,15,31,3
6,0,13,23,31,3
6,0,13,24,31,3
6,0,13,25,31,3
6,0,13,26,31,3
6,0,18,17,31,3
6,0,18,18,31,3
6,0,18,19,31,3
6,0,18,20,31,3
6,0,18,21,31,3
6,0,18,28,31,3
6,0,18,29,31,3
6,0,18,30,31,3
6,0,18,31,31,3
6,0,18,32,31,3
6,0,23,23,31,3
6,0,23,24,31,3
6,0,23,25,31,3
6,0,23,26,31,3
6,0,23,34,31,3
6,0,23,35,31,3
6,0,23,36,31,3
6,0,23,37,31,3
6,0,28,28,31,3
6,0,28,29,31,3
6,0,28,30,31,3
6,0,28,31,31,3
6,0,28,32,31,3
6,0,28,39,31,3
6,0,28,40,31,3
6,0,28,41,31,3
6,0,28,42,31,3
6,0,28,43,31,3
5,0,33,34,31,3
5,0,33,35,31,3
5,0,33,36,31,3
5,0,33,37,31,3
5,0,33,38,31,3
5,0,33,45,31,3
5,0,33,46,31,3
5,0,33,47,31,3
5,0,33,48,31,3
6,0,38,40,31,3
6,0,38,41,31,3
6,0,38,42,31,3
6,0,38,43,31,3
6,0,38,50,31,3
6,0,38,51,31,3
6,0,38,52,31,3
6,0,38,53,31,3
6,0,38,54,31,3
5,0,43,45,31,3
5,0,43,46,31,3
5,0,43,47,31,3
5,0,43,48,31,3
5,0,43,49,31,3
5,0,43,56,31,3
5,0,43,57,31,3
5,0,43,58,31,3
5,0,43,59,31,3
5,0,44,0,31,3
5,0,48,51,31,3
5,0,48,52,31,3
5,0,48,53,31,3
5,0,48,54,31,3
5,0,49,2,31,3
5,0,49,3,31,3
5,0,49,4,31,3
5,0,49,5,31,3
5,0,53,56,31,3
5,0,53,57,31,3
5,0,53,58,31,3
5,0,53,59,31,3
5,0,54,0,31,3
5,0,54,7,31,3
5,0,54,8,31,3
5,0,54,9,31,3
5,0,54,10,31,3
5,0,54,11,31,3
5,0,59,13,31,3
5,0,59,14,31,3
5,0,59,15,31,3
5,0,59,16,31,3
5,1,4,8,31,3
5,1,4,9,31,3
5,1,4,10,31,3
5,1,4,11,31,3
5,1,4,18,31,3
5,1,4,19,31,3
5,1,4,20,31,3
5,1,4,21,31,3
5,1,4,22,31,3
5,1,9,13,31,3
5,1,9,14,31,3
5,1,9,15,31,3
5,1,9,16,31,3
5,1,9,17,31,3
5,1,9,24,31,3
5,1,9,25,31,3
5,1,9,26,31,3
5,1,9,27,31,3
5,1,9,28,31,3
6,1,14,20,31,3
6,1,14,21,31,3
6,1,14,22,31,3
6,1,14,23,31,3
6,1,14,30,31,3
6,1,14,31,31,3
6,1,14,32,31,3
6,1,14,33,31,3
6,1,19,24,31,3
6,1,19,25,31,3
6,1,19,26,31,3
6,1,19,27,31,3
6,1,19,28,31,3
6,1,19,35,31,3
6,1,19,36,31,3
6,1,19,37,31,3
6,1,19,38,31,3
6,1,19,39,31,3
6,1,24,30,31,3
6,1,24,31,31,3
6,1,24,32,31,3
6,1,24,33,31,3
6,1,24,34,31,3
6,1,24,41,31,3
6,1,24,42,31,3
6,1,24,43,31,3
6,1,24,44,31,3
6,1,24,45,31,3
6,1,29,36,31,3
6,1,29,37,31,3
6,1,29,38,31,3
6,1,29,39,31,3
6,1,29,47,31,3
6,1,29,48,31,3
6,1,29,49,31,3
6,1,29,50,31,3
6,1,34,41,31,3
6,1,34,42,31,3
6,1,34,43,31,3
6,1,34,44,31,3
6,1,34,45,31,3
6,1,34,52,31,3
6,1,34,53,31,3
6,1,34,54,31,3
6,1,34,55,31,3
6,1,34,56,31,3
6,1,39,48,31,3
6,1,39,49,31,3
6,1,39,50,31,3
6,1,39,51,31,3
6,1,39,59,31,3
6,1,40,0,31,3
6,1,40,1,31,3
6,1,40,2,31,3
6,1,44,53,31,3
6,1,44,54,31,3
6,1,44,55,31,3
6,1,44,56,31,3
6,1,45,3,31,3
6,1,45,4,31,3
6,1,45,5,31,3
6,1,45,6,31,3
6,1,45,7,31,3
6,1,49,58,31,3
6,1,49,59,31,3
6,1,50,0,31,3
6,1,50,1,31,3
6,1,50,2,31,3
6,1,50,12,31,3
6,1,50,13,31,3
6,1,55,4,31,3
6,1,55,5,31,3
6,1,55,6,31,3
6,1,55,7,31,3
6,1,55,15,31,3
6,1,55,16,31,3
6,1,55,17,31,3
6,1,55,18,31,3
6,2,0,9,31,3
6,2,0,10,31,3
6,2,0,11,31,3
6,2,0,12,31,3
6,2,0,13,31,3
6,2,0,20,31,3
6,2,0,21,31,3
6,2,0,22,31,3
6,2,0,23,31,3
6,2,0,24,31,3
6,2,5,16,31,3
6,2,5,17,31,3
6,2,5,18,31,3
6,2,5,27,31,3
6,2,5,28,31,3
6,2,5,29,31,3
6,2,5,30,31,3
6,2,10,21,31,3
6,2,10,22,31,3
6,2,10,23,31,3
6,2,10,24,31,3
6,2,10,31,31,3
6,2,10,32,31,3
6,2,10,33,31,3
6,2,10,34,31,3
6,2,10,35,31,3
7,2,15,26,31,3
7,2,15,27,31,3
7,2,15,28,31,3
7,2,15,29,31,3
7,2,15,30,31,3
7,2,15,37,31,3
7,2,15,38,31,3
7,2,15,39,31,3
7,2,15,40,31,3
7,2,15,41,31,3
7,2,20,33,31,3
7,2,20,34,31,3
7,2,20,35,31,3
7,2,20,36,31,3
7,2,20,43,31,3
7,2,20,44,31,3
7,2,20,45,31,3
7,2,20,46,31,3
7,2,25,38,31,3
7,2,25,39,31,3
7,2,25,40,31,3
7,2,25,41,31,3
7,2,25,48,31,3
7,2,25,49,31,3
7,2,25,50,31,3
7,2,25,51,31,3
7,2,25,52,31,3
7,2,30,43,31,3
7,2,30,44,31,3
7,2,30,45,31,3
7,2,30,46,31,3
7,2,30,47,31,3
7,2,30,55,31,3
7,2,30,56,31,3
7,2,30,57,31,3
7,2,30,58,31,3
7,2,35,50,31,3
7,2,35,51,31,3
7,2,35,52,31,3
7,2,35,53,31,3
7,2,36,0,31,3
7,2,36,1,31,3
7,2,36,2,31,3
7,2,36,3,31,3
7,2,40,54,31,3
7,2,40,55,31,3
7,2,40,56,31,3
7,2,40,57,31,3
7,2,40,58,31,3
7,2,41,5,31,3
7,2,41,6,31,3
7,2,41,7,31,3
7,2,41,8,31,3
7,2,41,9,31,3
7,2,46,1,31,3
7,2,46,2,31,3
7,2,46,3,31,3
7,2,46,4,31,3
7,2,46,12,31,3
7,2,46,13,31,3
7,2,46,14,31,3
7,2,46,15,31,3
7,2,51,6,31,3
7,2,51,7,31,3
7,2,51,8,31,3
7,2,51,9,31,3
7,2,51,16,31,3
7,2,51,17,31,3
7,2,51,18,31,3
7,2,51,19,31,3
7,2,51,20,31,3
7,2,56,11,31,3
7,2,56,12,31,3
7,2,56,13,31,3
7,2,56,14,31,3
7,2,56,15,31,3
7,2,56,23,31,3
7,2,56,24,31,3
7,2,56,25,31,3
7,2,56,26,31,3
7,3,1,18,31,3
7,3,1,19,31,3
7,3,1,20,31,3
7,3,1,21,31,3
7,3,1,27,31,3
7,3,1,28,31,3
7,3,1,29,31,3
7,3,1,30,31,3
7,3,1,31,31,3
7,3,6,23,31,3
7,3,6,24,31,3
7,3,6,25,31,3
7,3,6,26,31,3
7,3,6,33,31,3
7,3,6,34,31,3
7,3,6,35,31,3
7,3,6,36,31,3
7,3,6,37,31,3
7,3,11,29,31,3
7,3,11,30,31,3
7,3,11,31,31,3
7,3,11,32,31,3
7,3,11,39,31,3
7,3,11,40,31,3
7,3,11,42,31,3
7,3,11,43,31,3
7,3,16,34,31,3
7,3,16,35,31,3
7,3,16,36,31,3
7,3,16,37,31,3
7,3,16,44,31,3
7,3,16,45,31,3
7,3,16,46,31,3
7,3,16,47,31,3
7,3,16,48,31,3
7,3,21,39,31,3
7,3,21,40,31,3
7,3,21,41,31,3
7,3,21,42,31,3
7,3,21,43,31,3
7,3,21,51,31,3
7,3,21,52,31,3
7,3,21,53,31,3
7,3,21,54,31,3
7,3,26,46,31,3
7,3,26,47,31,3
7,3,26,48,31,3
7,3,26,49,31,3
7,3,26,56,31,3
7,3,26,57,31,3
7,3,26,58,31,3
7,3,26,59,31,3
7,3,31,50,31,3
7,3,31,51,31,3
7,3,31,52,31,3
7,3,31,53,31,3
7,3,31,54,31,3
7,3,32,1,31,3
7,3,32,2,31,3
7,3,32,3,31,3
7,3,32,4,31,3
7,3,32,5,31,3
7,3,36,57,31,3
7,3,36,58,31,3
7,3,36,59,31,3
7,3,37,8,31,3
7,3,37,9,31,3
7,3,37,10,31,3
7,3,37,11,31,3
8,3,42,3,31,3
8,3,42,4,31,3
8,3,42,5,31,3
8,3,42,6,31,3
8,3,42,12,31,3
8,3,42,13,31,3
8,3,42,14,31,3
8,3,42,15,31,3
8,3,42,16,31,3
7,3,47,7,31,3
7,3,47,8,31,3
7,3,47,9,31,3
7,3,47,10,31,3
7,3,47,11,31,3
7,3,47,19,31,3
7,3,47,20,31,3
7,3,47,21,31,3
7,3,47,22,31,3
7,3,52,14,31,3
7,3,52,15,31,3
7,3,52,16,31,3
7,3,52,17,31,3
7,3,52,24,31,3
7,3,52,25,31,3
7,3,52,27,31,3
7,3,52,28,31,3
7,3,57,19,31,3
7,3,57,20,31,3
7,3,57,21,31,3
7,3,57,22,31,3
7,3,57,29,31,3
7,3,57,30,31,3
7,3,57,31,31,3
7,3,57,32,31,3
7,3,57,33,31,3
7,4,2,24,31,3
7,4,2,25,31,3
7,4,2,26,31,3
7,4,2,27,31,3
7,4,2,28,31,3
7,4,2,36,31,3
7,4,2,37,31,3
7,4,2,38,31,3
7,4,2,39,31,3
7,4,7,31,31,3
7,4,7,32,31,3
7,4,7,33,31,3
7,4,7,34,31,3
7,4,7,40,31,3
7,4,7,41,31,3
7,4,7,42,31,3
7,4,7,43,31,3
7,4,7,44,31,3
7,4,12,35,31,3
7,4,12,36,31,3
7,4,12,37,31,3
7,4,12,38,31,3
7,4,12,39,31,3
7,4,12,47,31,3
7,4,12,48,31,3
7,4,12,49,31,3
7,4,12,50,31,3
7,4,17,41,31,3
7,4,17,42,31,3
7,4,17,43,31,3
7,4,17,44,31,3
7,4,17,45,31,3
7,4,17,53,31,3
7,4,17,54,31,3
7,4,17,55,31,3
7,4,17,56,31,3
7,4,22,48,31,3
7,4,22,49,31,3
7,4,22,50,31,3
7,4,22,51,31,3
7,4,22,57,31,3
7,4,22,58,31,3
7,4,22,59,31,3
7,4,23,0,31,3
7,4,23,1,31,3
7,4,27,52,31,3
7,4,27,53,31,3
7,4,27,54,31,3
7,4,27,55,31,3
7,4,27,56,31,3
7,4,28,4,31,3
7,4,28,5,31,3
7,4,28,6,31,3
7,4,28,7,31,3
7,4,32,59,31,3
7,4,33,0,31,3
7,4,33,1,31,3
7,4,33,2,31,3
7,4,33,8,31,3
7,4,33,9,31,3
7,4,33,10,31,3
7,4,33,11,31,3
7,4,33,12,31,3
7,4,38,3,31,3
7,4,38,4,31,3
7,4,38,5,31,3
7,4,38,6,31,3
7,4,38,7,31,3
7,4,38,15,31,3
7,4,38,16,31,3
7,4,38,17,31,3
7,4,38,18,31,3
7,4,43,11,31,3
7,4,43,12,31,3
7,4,43,13,31,3
7,4,43,21,31,3
7,4,43,22,31,3
7,4,43,23,31,3
7,4,43,24,31,3
7,4,48,16,31,3
7,4,48,17,31,3
7,4,48,18,31,3
7,4,48,19,31,3
7,4,48,25,31,3
7,4,48,26,31,3
7,4,48,27,31,3
7,4,48,28,31,3
7,4,48,29,31,3
8,4,53,20,31,3
8,4,53,21,31,3
8,4,53,22,31,3
8,4,53,23,31,3
8,4,53,24,31,3
7,4,53,32,31,3
8,4,53,33,31,3
7,4,53,34,31,3
7,4,53,35,31,3
8,4,58,27,31,3
8,4,58,28,31,3
8,4,58,29,31,3
8,4,58,30,31,3
8,4,58,37,31,3
8,4,58,38,31,3
8,4,58,39,31,3
8,4,58,40,31,3
8,4,58,41,31,3
8,5,3,32,31,3
8,5,3,33,31,3
8,5,3,34,31,3
8,5,3,35,31,3
8,5,3,36,31,3
8,5,3,42,31,3
8,5,3,43,31,3
8,5,3,44,31,3
8,5,3,45,31,3
8,5,3,46,31,3
8,5,8,41,31,3
7,5,8,49,31,3
7,5,8,50,31,3
7,5,8,51,31,3
7,5,8,52,31,3
8,5,13,44,31,3
8,5,13,45,31,3
8,5,13,46,31,3
8,5,13,47,31,3
8,5,13,53,31,3
8,5,13,54,31,3
8,5,13,55,31,3
8,5,13,56,31,3
8,5,13,57,31,3
8,5,18,48,31,3
8,5,18,49,31,3
8,5,18,50,31,3
8,5,18,51,31,3
8,5,18,52,31,3
7,5,23,55,31,3
7,5,23,56,31,3
7,5,23,57,31,3
7,5,23,58,31,3
7,5,24,6,31,3
7,5,24,7,31,3
7,5,24,8,31,3
7,5,24,9,31,3
8,5,28,59,31,3
8,5,29,0,31,3
8,5,29,1,31,3
8,5,29,2,31,3
8,5,29,3,31,3
8,5,29,10,31,3
8,5,29,11,31,3
8,5,29,12,31,3
8,5,29,13,31,3
8,5,29,14,31,3
8,5,34,6,31,3
8,5,34,7,31,3
8,5,34,8,31,3
8,5,34,9,31,3
8,5,34,17,31,3
8,5,34,18,31,3
8,5,34,19,31,3
8,5,34,20,31,3
8,5,39,12,31,3
8,5,39,13,31,3
8,5,39,14,31,3
8,5,39,15,31,3
8,5,39,23,31,3
8,5,39,24,31,3
8,5,39,25,31,3
8,5,39,26,31,3
8,5,44,16,31,3
8,5,44,17,31,3
8,5,44,18,31,3
8,5,44,19,31,3
8,5,44,20,31,3
8,5,44,27,31,3
8,5,44,28,31,3
8,5,44,29,31,3
8,5,44,30,31,3
8,5,44,31,31,3
8,5,49,23,31,3
8,5,49,24,31,3
8,5,49,25,31,3
8,5,49,26,31,3
8,5,49,34,31,3
8,5,49,35,31,3
8,5,49,36,31,3
8,5,49,37,31,3
8,5,54,28,31,3
8,5,54,29,31,3
8,5,54,30,31,3
8,5,54,31,31,3
8,5,54,32,31,3
8,5,54,39,31,3
8,5,54,40,31,3
8,5,54,41,31,3
8,5,54,42,31,3
8,5,54,43,31,3
8,5,59,34,31,3
8,5,59,35,31,3
8,5,59,36,31,3
8,5,59,37,31,3
8,5,59,44,31,3
8,5,59,45,31,3
8,5,59,46,31,3
8,5,59,47,31,3
8,5,59,48,31,3
8,6,4,39,31,3
8,6,4,40,31,3
8,6,4,41,31,3
8,6,4,42,31,3
8,6,4,43,31,3
8,6,4,51,31,3
8,6,4,52,31,3
8,6,4,53,31,3
8,6,4,54,31,3
8,6,9,44,31,3
8,6,9,45,31,3
8,6,9,46,31,3
8,6,9,47,31,3
8,6,9,48,31,3
8,6,9,56,31,3
8,6,9,57,31,3
8,6,9,58,31,3
8,6,9,59,31,3
8,6,10,0,31,3
8,6,14,51,31,3
8,6,14,52,31,3
8,6,14,53,31,3
8,6,14,54,31,3
8,6,15,2,31,3
8,6,15,3,31,3
8,6,15,4,31,3
8,6,15,5,31,3
8,6,19,56,31,3
8,6,19,57,31,3
8,6,19,58,31,3
8,6,19,59,31,3
8,6,20,0,31,3
8,6,20,7,31,3
8,6,20,8,31,3
8,6,20,9,31,3
8,6,20,10,31,3
8,6,20,11,31,3
9,6,25,2,31,3
9,6,25,3,31,3
9,6,25,4,31,3
9,6,25,5,31,3
9,6,25,15,31,3
9,6,25,16,31,3
8,6,30,8,31,3
8,6,30,9,31,3
8,6,30,10,31,3
8,6,30,11,31,3
8,6,30,19,31,3
8,6,30,20,31,3
8,6,30,21,31,3
8,6,30,22,31,3
8,6,35,12,31,3
8,6,35,13,31,3
8,6,35,14,31,3
8,6,35,15,31,3
8,6,35,16,31,3
8,6,35,23,31,3
8,6,35,24,31,3
8,6,35,25,31,3
8,6,35,26,31,3
8,6,35,27,31,3
8,6,40,19,31,3
8,6,40,20,31,3
8,6,40,21,31,3
8,6,40,22,31,3
8,6,40,30,31,3
8,6,40,31,31,3
8,6,40,32,31,3
8,6,40,33,31,3
8,6,45,24,31,3
8,6,45,25,31,3
8,6,45,26,31,3
8,6,45,27,31,3
8,6,45,28,31,3
8,6,45,34,31,3
8,6,45,35,31,3
8,6,45,36,31,3
8,6,45,37,31,3
8,6,45,38,31,3
9,6,50,30,31,3
9,6,50,31,31,3
9,6,50,32,31,3
9,6,50,33,31,3
9,6,50,41,31,3
9,6,50,42,31,3
9,6,50,43,31,3
9,6,50,44,31,3
9,6,55,36,31,3
9,6,55,37,31,3
9,6,55,38,31,3
9,6,55,39,31,3
9,6,55,46,31,3
9,6,55,47,31,3
9,6,55,48,31,3
9,6,55,49,31,3
9,6,55,50,31,3
9,7,0,40,31,3
9,7,0,41,31,3
9,7,0,42,31,3
9,7,0,43,31,3
9,7,0,44,31,3
9,7,0,51,31,3
9,7,0,52,31,3
9,7,0,53,31,3
9,7,0,54,31,3
9,7,0,55,31,3
9,7,5,47,31,3
9,7,5,48,31,3
9,7,5,49,31,3
9,7,5,50,31,3
9,7,5,58,31,3
9,7,5,59,31,3
9,7,6,0,31,3
9,7,6,1,31,3
9,7,10,52,31,3
9,7,10,53,31,3
9,7,10,54,31,3
9,7,10,55,31,3
9,7,10,56,31,3
9,7,11,3,31,3
9,7,11,4,31,3
9,7,11,5,31,3
9,7,11,6,31,3
9,7,11,7,31,3
10,7,15,57,31,3
10,7,15,58,31,3
10,7,15,59,31,3
10,7,16,0,31,3
10,7,16,1,31,3
10,7,16,9,31,3
10,7,16,10,31,3
10,7,16,11,31,3
10,7,16,12,31,3
10,7,21,4,31,3
10,7,21,5,31,3
10,7,21,6,31,3
10,7,21,7,31,3
10,7,21,15,31,3
10,7,21,16,31,3
10,7,21,17,31,3
10,7,21,18,31,3
10,7,26,9,31,3
10,7,26,10,31,3
10,7,26,11,31,3
10,7,26,12,31,3
10,7,26,13,31,3
10,7,26,19,31,3
10,7,26,20,31,3
10,7,26,22,31,3
10,7,26,23,31,3
10,7,26,24,31,3
10,7,31,15,31,3
10,7,31,16,31,3
10,7,31,17,31,3
10,7,31,18,31,3
10,7,31,26,31,3
10,7,31,27,31,3
10,7,31,28,31,3
10,7,31,29,31,3
10,7,36,21,31,3
10,7,36,22,31,3
10,7,36,23,31,3
10,7,36,24,31,3
10,7,36,31,31,3
10,7,36,32,31,3
10,7,36,33,31,3
10,7,36,34,31,3
10,7,36,35,31,3
10,7,41,26,31,3
10,7,41,27,31,3
10,7,41,28,31,3
10,7,41,29,31,3
10,7,41,30,31,3
10,7,46,32,31,3
11,7,46,33,31,3
11,7,46,34,31,3
11,7,46,35,31,3
11,7,46,43,31,3
11,7,46,44,31,3
11,7,46,45,31,3
11,7,46,46,31,3
11,7,51,37,31,3
11,7,51,38,31,3
11,7,51,39,31,3
11,7,51,40,31,3
11,7,51,41,31,3
11,7,51,48,31,3
11,7,51,49,31,3
11,7,51,50,31,3
11,7,51,51,31,3
11,7,51,52,31,3
11,7,56,43,31,3
11,7,56,44,31,3
11,7,56,45,31,3
11,7,56,46,31,3
11,7,56,47,31,3
11,7,56,54,31,3
11,7,56,55,31,3
11,7,56,56,31,3
11,7,56,57,31,3
11,8,1,49,31,3
11,8,1,50,31,3
11,8,1,51,31,3
11,8,1,52,31,3
11,8,1,59,31,3
11,8,2,0,31,3
11,8,2,1,31,3
11,8,2,2,31,3
11,8,2,3,31,3
11,8,6,54,31,3
11,8,6,55,31,3
11,8,6,56,31,3
11,8,6,57,31,3
11,8,6,58,31,3
11,8,7,4,31,3
11,8,7,5,31,3
11,8,7,6,31,3
11,8,7,7,31,3
11,8,7,9,31,3
12,8,12,0,31,3
12,8,12,1,31,3
12,8,12,2,31,3
12,8,12,3,31,3
12,8,12,11,31,3
12,8,12,12,31,3
12,8,12,13,31,3
12,8,12,14,31,3
12,8,17,6,31,3
11,8,17,7,31,3
11,8,17,8,31,3
11,8,17,9,31,3
11,8,17,16,31,3
11,8,17,17,31,3
11,8,17,18,31,3
11,8,17,19,31,3
11,8,17,20,31,3
11,8,22,11,31,3
11,8,22,12,31,3
11,8,22,13,31,3
11,8,22,14,31,3
11,8,22,15,31,3
11,8,22,22,31,3
11,8,22,23,31,3
11,8,22,24,31,3
11,8,22,25,31,3
12,8,27,17,31,3
12,8,27,18,31,3
12,8,27,19,31,3
12,8,27,20,31,3
12,8,27,28,31,3
12,8,27,29,31,3
12,8,27,30,31,3
12,8,27,31,31,3
12,8,32,22,31,3
12,8,32,23,31,3
12,8,32,24,31,3
12,8,32,25,31,3
12,8,32,26,31,3
12,8,32,33,31,3
12,8,32,34,31,3
12,8,32,35,31,3
12,8,32,36,31,3
12,8,32,37,31,3
11,8,37,28,31,3
11,8,37,29,31,3
11,8,37,30,31,3
11,8,37,31,31,3
12,8,37,39,31,3
12,8,37,40,31,3
12,8,37,41,31,3
12,8,37,42,31,3
12,8,42,34,31,3
12,8,42,35,31,3
12,8,42,36,31,3
12,8,42,37,31,3
12,8,42,44,31,3
12,8,42,45,31,3
12,8,42,46,31,3
12,8,42,47,31,3
12,8,42,48,31,3
12,8,47,39,31,3
12,8,47,40,31,3
12,8,47,41,31,3
12,8,47,42,31,3
12,8,47,43,31,3
12,8,47,50,31,3
12,8,47,51,31,3
12,8,47,52,31,3
12,8,47,53,31,3
11,8,52,45,31,3
11,8,52,46,31,3
11,8,52,47,31,3
11,8,52,48,31,3
11,8,52,55,31,3
11,8,52,56,31,3
11,8,52,57,31,3
11,8,52,58,31,3
11,8,52,59,31,3
12,8,57,51,31,3
12,8,57,52,31,3
12,8,57,53,31,3
12,8,57,54,31,3
12,8,58,3,31,3
12,8,58,4,31,3
12,8,58,5,31,3
11,9,2,56,31,3
11,9,2,57,31,3
11,9,2,58,31,3
11,9,2,59,31,3
11,9,3,0,31,3
11,9,3,7,31,3
11,9,3,8,31,3
11,9,3,9,31,3
11,9,3,10,31,3
12,9,8,2,31,3
12,9,8,3,31,3
12,9,8,4,31,3
12,9,8,5,31,3
12,9,8,12,31,3
12,9,8,13,31,3
12,9,8,14,31,3
12,9,8,15,31,3
12,9,8,16,31,3
12,9,13,7,31,3
12,9,13,8,31,3
12,9,13,9,31,3
12,9,13,10,31,3
12,9,13,11,31,3
12,9,13,18,31,3
12,9,13,19,31,3
12,9,13,20,31,3
12,9,13,21,31,3
13,9,18,13,31,3
13,9,18,14,31,3
13,9,18,15,31,3
13,9,18,16,31,3
13,9,18,23,31,3
13,9,18,24,31,3
13,9,18,25,31,3
13,9,18,26,31,3
13,9,18,27,31,3
13,9,23,19,31,3
13,9,23,20,31,3
13,9,23,21,31,3
13,9,23,22,31,3
13,9,23,29,31,3
13,9,23,30,31,3
13,9,23,31,31,3
13,9,23,32,31,3
13,9,23,33,31,3
12,9,28,24,31,3
12,9,28,25,31,3
12,9,28,26,31,3
12,9,28,27,31,3
12,9,28,28,31,3
12,9,28,35,31,3
12,9,28,36,31,3
13,9,28,37,31,3
13,9,28,38,31,3
14,9,33,30,31,3
14,9,33,31,31,3
14,9,33,32,31,3
14,9,33,33,31,3
14,9,33,40,31,3
14,9,33,41,31,3
14,9,33,42,31,3
14,9,33,43,31,3
14,9,33,44,31,3
13,9,38,35,31,3
13,9,38,36,31,3
13,9,38,37,31,3
13,9,38,38,31,3
13,9,38,39,31,3
13,9,38,46,31,3
13,9,38,47,31,3
13,9,38,48,31,3
13,9,38,49,31,3
13,9,43,41,31,3
13,9,43,42,31,3
13,9,43,43,31,3
13,9,43,44,31,3
13,9,43,45,31,3
13,9,43,51,31,3
13,9,43,52,31,3
13,9,43,53,31,3
13,9,43,54,31,3
13,9,43,55,31,3
13,9,48,47,31,3
13,9,48,48,31,3
13,9,48,49,31,3
13,9,48,50,31,3
13,9,48,58,31,3
13,9,48,59,31,3
13,9,49,0,31,3
13,9,49,1,31,3
14,9,53,52,31,3
14,9,53,53,31,3
14,9,53,54,31,3
14,9,53,55,31,3
14,9,53,56,31,3
14,9,54,3,31,3
14,9,54,4,31,3
14,9,54,5,31,3
14,9,54,6,31,3
14,9,58,59,31,3
14,9,59,0,31,3
14,9,59,1,31,3
14,9,59,2,31,3
14,9,59,8,31,3
14,9,59,9,31,3
14,9,59,10,31,3
14,9,59,11,31,3
14,9,59,12,31,3
14,10,4,4,31,3
14,10,4,5,31,3
14,10,4,6,31,3
14,10,4,7,31,3
14,10,4,14,31,3
14,10,4,15,31,3
14,10,4,16,31,3
14,10,4,17,31,3
14,10,9,9,31,3
14,10,9,10,31,3
14,10,9,11,31,3
14,10,9,12,31,3
14,10,9,13,31,3
14,10,9,19,31,3
14,10,9,20,31,3
14,10,9,21,31,3
14,10,9,22,31,3
14,10,9,23,31,3
14,10,14,15,31,3
14,10,14,16,31,3
14,10,14,17,31,3
14,10,14,18,31,3
14,10,14,25,31,3
14,10,14,26,31,3
14,10,14,27,31,3
14,10,14,28,31,3
14,10,14,29,31,3
14,10,19,20,31,3
14,10,19,21,31,3
14,10,19,22,31,3
14,10,19,23,31,3
14,10,19,24,31,3
14,10,19,31,31,3
14,10,19,32,31,3
14,10,19,33,31,3
14,10,19,34,31,3
14,10,24,26,31,3
14,10,24,27,31,3
14,10,24,28,31,3
14,10,24,29,31,3
14,10,24,36,31,3
14,10,24,37,31,3
14,10,24,38,31,3
14,10,24,39,31,3
14,10,24,40,31,3
14,10,29,31,31,3
14,10,29,32,31,3
14,10,29,33,31,3
14,10,29,34,31,3
14,10,29,35,31,3
14,10,29,43,31,3
14,10,29,44,31,3
14,10,29,45,31,3
14,10,29,46,31,3
14,10,34,38,31,3
14,10,34,39,31,3
14,10,34,40,31,3
14,10,34,41,31,3
14,10,34,48,31,3
14,10,34,49,31,3
14,10,34,50,31,3
14,10,34,51,31,3
14,10,39,43,31,3
14,10,39,44,31,3
14,10,39,45,31,3
14,10,39,46,31,3
14,10,39,53,31,3
14,10,39,54,31,3
14,10,39,55,31,3
14,10,39,56,31,3
14,10,39,57,31,3
14,10,44,48,31,3
14,10,44,49,31,3
14,10,44,50,31,3
14,10,44,51,31,3
14,10,44,52,31,3
14,10,44,59,31,3
14,10,45,0,31,3
14,10,45,1,31,3
14,10,45,2,31,3
14,10,49,54,31,3
14,10,49,55,31,3
14,10,49,56,31,3
14,10,49,57,31,3
14,10,50,4,31,3
14,10,50,5,31,3
14,10,50,6,31,3
14,10,50,7,31,3
14,10,50,8,31,3
13,10,54,59,31,3
13,10,55,0,31,3
13,10,55,1,31,3
13,10,55,2,31,3
13,10,55,3,31,3
13,10,55,10,31,3
13,10,55,11,31,3
13,10,55,12,31,3
13,10,55,13,31,3
13,11,0,6,31,3
13,11,0,7,31,3
13,11,0,8,31,3
13,11,0,9,31,3
13,11,0,15,31,3
13,11,0,16,31,3
13,11,0,17,31,3
13,11,0,18,31,3
13,11,0,19,31,3
13,11,5,10,31,3
13,11,5,11,31,3
13,11,5,12,31,3
13,11,5,13,31,3
13,11,5,14,31,3
13,11,5,22,31,3
13,11,5,23,31,3
13,11,5,24,31,3
13,11,5,25,31,3
14,11,10,17,31,3
14,11,10,18,31,3
14,11,10,19,31,3
14,11,10,20,31,3
14,11,10,26,31,3
14,11,10,27,31,3
14,11,10,28,31,3
14,11,10,29,31,3
14,11,10,30,31,3
13,11,15,22,31,3
13,11,15,23,31,3
13,11,15,24,31,3
13,11,15,25,31,3
13,11,15,32,31,3
13,11,15,33,31,3
13,11,15,34,31,3
13,11,15,35,31,3
13,11,15,36,31,3
13,11,20,27,31,3
13,11,20,28,31,3
13,11,20,29,31,3
13,11,20,30,31,3
13,11,20,31,31,3
13,11,20,38,31,3
13,11,20,39,31,3
13,11,20,40,31,3
13,11,20,42,31,3
12,11,25,34,31,3
12,11,25,35,31,3
12,11,25,36,31,3
12,11,25,37,31,3
12,11,25,43,31,3
12,11,25,44,31,3
12,11,25,45,31,3
12,11,25,46,31,3
12,11,25,47,31,3
13,11,30,38,31,3
13,11,30,39,31,3
13,11,30,40,31,3
13,11,30,41,31,3
13,11,30,42,31,3
13,11,30,50,31,3
13,11,30,51,31,3
13,11,30,52,31,3
13,11,30,53,31,3
12,11,35,44,31,3
12,11,35,45,31,3
12,11,35,46,31,3
12,11,35,47,31,3
12,11,35,48,31,3
12,11,35,54,31,3
12,11,35,55,31,3
12,11,35,56,31,3
12,11,35,57,31,3
12,11,35,58,31,3
12,11,40,51,31,3
12,11,40,52,31,3
12,11,40,53,31,3
12,11,40,54,31,3
12,11,41,0,31,3
12,11,41,1,31,3
12,11,41,2,31,3
12,11,41,3,31,3
12,11,41,4,31,3
12,11,45,55,31,3
12,11,45,56,31,3
12,11,45,57,31,3
12,11,45,58,31,3
12,11,45,59,31,3
12,11,46,7,31,3
12,11,46,8,31,3
12,11,46,9,31,3
12,11,46,10,31,3
12,11,51,2,31,3
12,11,51,3,31,3
12,11,51,4,31,3
12,11,51,5,31,3
12,11,51,11,31,3
12,11,51,12,31,3
12,11,51,13,31,3
12,11,51,14,31,3
12,11,51,15,31,3
12,11,56,6,31,3
12,11,56,7,31,3
12,11,56,8,31,3
12,11,56,9,31,3
12,11,56,10,31,3
12,11,56,18,31,3
12,11,56,19,31,3
12,11,56,20,31,3
12,11,56,21,31,3
12,12,1,12,31,3
12,12,1,13,31,3
12,12,1,14,31,3
12,12,1,15,31,3
12,12,1,16,31,3
12,12,1,23,31,3
12,12,1,24,31,3
12,12,1,25,31,3
12,12,1,26,31,3
12,12,6,18,31,3
12,12,6,19,31,3
12,12,6,20,31,3
12,12,6,21,31,3
12,12,6,28,31,3
12,12,6,29,31,3
12,12,6,30,31,3
12,12,6,31,31,3
12,12,6,32,31,3
15,12,11,23,31,3
15,12,11,24,31,3
15,12,11,25,31,3
15,12,11,26,31,3
15,12,11,27,31,3
15,12,11,35,31,3
15,12,11,36,31,3
15,12,11,37,31,3
15,12,11,38,31,3
13,12,16,30,31,3
13,12,16,31,31,3
13,12,16,32,31,3
13,12,16,33,31,3
13,12,16,39,31,3
13,12,16,40,31,3
13,12,16,41,31,3
13,12,16,42,31,3
13,12,16,43,31,3
13,12,21,35,31,3
13,12,21,36,31,3
13,12,21,37,31,3
13,12,21,38,31,3
14,12,21,45,31,3
14,12,21,46,31,3
13,12,21,47,31,3
13,12,21,48,31,3
13,12,21,49,31,3
14,12,26,40,31,3
14,12,26,41,31,3
14,12,26,42,31,3
14,12,26,43,31,3
14,12,26,44,31,3
14,12,26,51,31,3
14,12,26,52,31,3
14,12,26,53,31,3
14,12,26,54,31,3
14,12,31,46,31,3
14,12,31,47,31,3
14,12,31,48,31,3
14,12,31,49,31,3
14,12,31,56,31,3
14,12,31,57,31,3
14,12,31,58,31,3
14,12,31,59,31,3
14,12,32,0,31,3
14,12,36,51,31,3
14,12,36,52,31,3
14,12,36,53,31,3
14,12,36,54,31,3
14,12,36,55,31,3
14,12,37,3,31,3
14,12,37,4,31,3
14,12,37,5,31,3
14,12,37,6,31,3
14,12,41,58,31,3
14,12,41,59,31,3
14,12,42,0,31,3
14,12,42,1,31,3
14,12,42,7,31,3
14,12,42,8,31,3
14,12,42,9,31,3
14,12,42,10,31,3
14,12,42,11,31,3
14,12,47,2,31,3
14,12,47,3,31,3
14,12,47,4,31,3
14,12,47,5,31,3
14,12,47,6,31,3
14,12,47,13,31,3
14,12,47,14,31,3
14,12,47,15,31,3
14,12,47,16,31,3
14,12,47,17,31,3
14,12,52,8,31,3
14,12,52,9,31,3
14,12,52,10,31,3
14,12,52,11,31,3
14,12,52,12,31,3
14,12,52,20,31,3
14,12,52,21,31,3
14,12,52,22,31,3
14,12,52,23,31,3
14,12,57,15,31,3
14,12,57,16,31,3
14,12,57,17,31,3
14,12,57,18,31,3
14,12,57,24,31,3
14,12,57,25,31,3
14,12,57,26,31,3
14,12,57,27,31,3
14,12,57,28,31,3
14,13,2,19,31,3
14,13,2,20,31,3
14,13,2,21,31,3
14,13,2,22,31,3
14,13,2,23,31,3
14,13,2,31,31,3
14,13,2,32,31,3
14,13,2,33,31,3
14,13,2,34,31,3
14,13,7,27,31,3
14,13,7,28,31,3
14,13,7,29,31,3
14,13,7,35,31,3
14,13,7,36,31,3
14,13,7,37,31,3
14,13,7,38,31,3
14,13,7,39,31,3
14,13,12,31,31,3
14,13,12,32,31,3
14,13,12,33,31,3
14,13,12,35,31,3
14,13,12,41,31,3
14,13,12,42,31,3
14,13,12,43,31,3
14,13,12,44,31,3
14,13,12,45,31,3
14,13,17,36,31,3
14,13,17,37,31,3
14,13,17,38,31,3
14,13,17,39,31,3
14,13,17,40,31,3
14,13,17,48,31,3
14,13,17,49,31,3
14,13,17,50,31,3
14,13,17,51,31,3
15,13,22,43,31,3
15,13,22,44,31,3
15,13,22,45,31,3
15,13,22,46,31,3
15,13,22,52,31,3
15,13,22,53,31,3
15,13,22,54,31,3
15,13,22,55,31,3
15,13,22,56,31,3
15,13,27,49,31,3
15,13,27,50,31,3
15,13,27,51,31,3
15,13,27,52,31,3
15,13,27,59,31,3
15,13,28,0,31,3
15,13,28,1,31,3
15,13,28,2,31,3
14,13,32,53,31,3
14,13,32,54,31,3
14,13,32,55,31,3
14,13,32,56,31,3
14,13,32,57,31,3
14,13,33,4,31,3
14,13,33,5,31,3
14,13,33,6,31,3
14,13,33,7,31,3
14,13,33,8,31,3
14,13,38,0,31,3
14,13,38,1,31,3
14,13,38,2,31,3
14,13,38,3,31,3
14,13,38,11,31,3
14,13,38,12,31,3
14,13,38,13,31,3
14,13,38,14,31,3
14,13,43,4,31,3
14,13,43,5,31,3
14,13,43,6,31,3
14,13,43,7,31,3
14,13,43,8,31,3
14,13,43,15,31,3
14,13,43,16,31,3
14,13,43,17,31,3
14,13,43,18,31,3
14,13,43,19,31,3
14,13,48,10,31,3
14,13,48,11,31,3
14,13,48,12,31,3
14,13,48,13,31,3
14,13,48,14,31,3
14,13,48,21,31,3
14,13,48,22,31,3
14,13,48,23,31,3
14,13,48,24,31,3
14,13,48,25,31,3
13,13,53,17,31,3
13,13,53,18,31,3
13,13,53,19,31,3
13,13,53,20,31,3
13,13,53,28,31,3
13,13,53,29,31,3
13,13,53,30,31,3
13,13,53,31,31,3
13,13,58,21,31,3
13,13,58,22,31,3
13,13,58,23,31,3
13,13,58,24,31,3
13,13,58,25,31,3
13,13,58,32,31,3
13,13,58,33,31,3
13,13,58,34,31,3
13,13,58,35,31,3
13,13,58,36,31,3
14,14,3,29,31,3
14,14,3,30,31,3
14,14,3,31,31,3
14,14,3,39,31,3
14,14,3,40,31,3
14,14,3,41,31,3
14,14,3,42,31,3
14,14,8,34,31,3
14,14,8,35,31,3
14,14,8,36,31,3
14,14,8,37,31,3
14,14,8,45,31,3
14,14,8,46,31,3
14,14,8,47,31,3
14,14,8,48,31,3
13,14,13,38,31,3
13,14,13,39,31,3
13,14,13,40,31,3
13,14,13,41,31,3
13,14,13,42,31,3
13,14,13,49,31,3
13,14,13,50,31,3
13,14,13,51,31,3
13,14,13,52,31,3
13,14,13,53,31,3
13,14,18,45,31,3
13,14,18,46,31,3
13,14,18,47,31,3
13,14,18,48,31,3
13,14,18,56,31,3
13,14,18,57,31,3
13,14,18,58,31,3
13,14,18,59,31,3
12,14,23,50,31,3
12,14,23,51,31,3
12,14,23,52,31,3
12,14,23,53,31,3
12,14,23,54,31,3
12,14,24,0,31,3
12,14,24,1,31,3
12,14,24,2,31,3
12,14,24,3,31,3
12,14,24,4,31,3
12,14,28,55,31,3
12,14,28,56,31,3
12,14,28,57,31,3
12,14,28,58,31,3
12,14,28,59,31,3
12,14,29,6,31,3
12,14,29,7,31,3
12,14,29,8,31,3
12,14,29,9,31,3
12,14,29,10,31,3
12,14,34,2,31,3
12,14,34,3,31,3
12,14,34,4,31,3
12,14,34,5,31,3
12,14,34,13,31,3
12,14,34,14,31,3
12,14,34,15,31,3
12,14,34,16,31,3
11,14,39,6,31,3
11,14,39,7,31,3
11,14,39,8,31,3
11,14,39,9,31,3
11,14,39,10,31,3
11,14,39,17,31,3
12,14,39,18,31,3
11,14,39,19,31,3
11,14,39,20,31,3
12,14,39,21,31,3
12,14,44,13,31,3
12,14,44,14,31,3
12,14,44,15,31,3
12,14,44,16,31,3
12,14,44,24,31,3
12,14,44,25,31,3
12,14,44,26,31,3
12,14,44,27,31,3
11,14,49,17,31,3
11,14,49,18,31,3
11,14,49,19,31,3
11,14,49,20,31,3
11,14,49,21,31,3
11,14,49,29,31,3
11,14,49,30,31,3
11,14,49,31,31,3
11,14,49,32,31,3
11,14,49,33,31,3
11,14,54,24,31,3
11,14,54,25,31,3
11,14,54,26,31,3
11,14,54,27,31,3
11,14,54,34,31,3
11,14,54,35,31,3
11,14,54,36,31,3
11,14,54,37,31,3
11,14,54,38,31,3
11,14,59,30,31,3
11,14,59,31,31,3
11,14,59,32,31,3
11,14,59,33,31,3
11,14,59,41,31,3
11,14,59,42,31,3
11,14,59,43,31,3
11,14,59,44,31,3
11,15,4,34,31,3
11,15,4,35,31,3
11,15,4,36,31,3
11,15,4,37,31,3
11,15,4,38,31,3
11,15,4,45,31,3
11,15,4,46,31,3
11,15,4,47,31,3
11,15,4,48,31,3
11,15,4,49,31,3
11,15,9,41,31,3
11,15,9,42,31,3
11,15,9,43,31,3
11,15,9,44,31,3
11,15,9,52,31,3
11,15,9,53,31,3
11,15,9,54,31,3
11,15,9,55,31,3
11,15,14,46,31,3
11,15,14,47,31,3
11,15,14,48,31,3
11,15,14,49,31,3
11,15,14,50,31,3
11,15,14,57,31,3
11,15,14,58,31,3
11,15,14,59,31,3
11,15,15,0,31,3
11,15,15,1,31,3
11,15,19,52,31,3
11,15,19,53,31,3
11,15,19,54,31,3
11,15,19,55,31,3
11,15,20,4,31,3
11,15,20,5,31,3
11,15,20,6,31,3
11,15,24,58,31,3
11,15,24,59,31,3
11,15,25,0,31,3
11,15,25,1,31,3
11,15,25,9,31,3
11,15,25,10,31,3
11,15,25,11,31,3
11,15,25,12,31,3
11,15,30,2,31,3
11,15,30,3,31,3
11,15,30,4,31,3
11,15,30,5,31,3
11,15,30,6,31,3
11,15,30,13,31,3
11,15,30,14,31,3
11,15,30,15,31,3
11,15,30,16,31,3
11,15,30,17,31,3
11,15,35,9,31,3
11,15,35,10,31,3
11,15,35,11,31,3
11,15,35,12,31,3
11,15,35,20,31,3
11,15,35,21,31,3
11,15,35,22,31,3
11,15,35,23,31,3
11,15,40,14,31,3
11,15,40,15,31,3
11,15,40,16,31,3
11,15,40,17,31,3
11,15,40,18,31,3
11,15,40,25,31,3
11,15,40,26,31,3
11,15,40,27,31,3
11,15,40,28,31,3
11,15,40,29,31,3
11,15,45,19,31,3
11,15,45,20,31,3
11,15,45,21,31,3
11,15,45,22,31,3
11,15,45,23,31,3
11,15,45,31,31,3
11,15,45,32,31,3
11,15,45,33,31,3
11,15,45,34,31,3
11,15,50,26,31,3
11,15,50,27,31,3
11,15,50,28,31,3
11,15,50,29,31,3
11,15,50,37,31,3
11,15,50,38,31,3
11,15,50,39,31,3
11,15,50,40,31,3
11,15,56,30,31,3
11,15,56,31,31,3
11,15,56,32,31,3
11,15,56,33,31,3
11,15,56,34,31,3
11,15,56,41,31,3
11,15,56,42,31,3
11,15,56,43,31,3
11,15,56,44,31,3
11,15,56,45,31,3
11,16,1,37,31,3
11,16,1,38,31,3
11,16,1,39,31,3
11,16,1,40,31,3
11,16,1,48,31,3
11,16,1,49,31,3
11,16,1,50,31,3
11,16,1,51,31,3
12,16,6,42,31,3
12,16,6,43,31,3
12,16,6,44,31,3
12,16,6,45,31,3
12,16,6,46,31,3
12,16,6,54,31,3
12,16,6,55,31,3
12,16,6,56,31,3
12,16,6,57,31,3
12,16,11,50,31,3
12,16,11,51,31,3
12,16,11,58,31,3
12,16,11,59,31,3
12,16,12,0,31,3
12,16,12,1,31,3
12,16,12,2,31,3
12,16,16,54,31,3
12,16,16,55,31,3
12,16,16,56,31,3
12,16,16,57,31,3
12,16,17,5,31,3
12,16,17,6,31,3
12,16,17,7,31,3
12,16,17,8,31,3
12,16,21,59,31,3
12,16,22,0,31,3
12,16,22,1,31,3
12,16,22,2,31,3
12,16,22,3,31,3
12,16,22,10,31,3
12,16,22,11,31,3
12,16,22,12,31,3
12,16,22,13,31,3
12,16,22,14,31,3
12,16,26,5,31,3
12,16,26,6,31,3
12,16,26,7,31,3
12,16,26,8,31,3
12,16,26,15,31,3
12,16,26,16,31,3
12,16,26,17,31,3
12,16,26,18,31,3
12,16,26,19,31,3
12,16,31,10,31,3
12,16,31,11,31,3
12,16,31,12,31,3
12,16,31,13,31,3
12,16,31,14,31,3
12,16,31,22,31,3
12,16,31,23,31,3
12,16,31,24,31,3
12,16,31,25,31,3
12,16,36,15,31,3
12,16,36,16,31,3
12,16,36,17,31,3
12,16,36,18,31,3
12,16,36,19,31,3
12,16,36,27,31,3
12,16,36,28,31,3
12,16,36,29,31,3
12,16,36,30,31,3
12,16,36,31,31,3
12,16,41,22,31,3
12,16,41,23,31,3
12,16,41,24,31,3
12,16,41,25,31,3
12,16,41,33,31,3
12,16,41,34,31,3
12,16,41,35,31,3
12,16,41,36,31,3
12,16,46,27,31,3
12,16,46,28,31,3
12,16,46,29,31,3
12,16,46,30,31,3
12,16,46,31,31,3
12,16,46,39,31,3
12,16,46,40,31,3
12,16,46,41,31,3
12,16,46,42,31,3
12,16,51,33,31,3
12,16,51,34,31,3
12,16,51,35,31,3
12,16,51,36,31,3
12,16,51,43,31,3
12,16,51,45,31,3
12,16,51,46,31,3
12,16,51,47,31,3
12,16,51,48,31,3
12,16,56,39,31,3
12,16,56,40,31,3
12,16,56,41,31,3
12,16,56,42,31,3
12,16,56,50,31,3
12,16,56,51,31,3
12,16,56,52,31,3
12,16,56,53,31,3
13,17,1,43,31,3
13,17,1,45,31,3
13,17,1,46,31,3
13,17,1,47,31,3
13,17,1,48,31,3
13,17,1,55,31,3
13,17,1,56,31,3
13,17,1,57,31,3
13,17,1,58,31,3
13,17,1,59,31,3
13,17,6,50,31,3
13,17,6,51,31,3
13,17,6,52,31,3
13,17,6,53,31,3
13,17,7,0,31,3
13,17,7,1,31,3
13,17,7,2,31,3
13,17,7,3,31,3
13,17,7,4,31,3
13,17,11,55,31,3
13,17,11,56,31,3
13,17,11,57,31,3
13,17,11,58,31,3
13,17,11,59,31,3
13,17,12,7,31,3
13,17,12,8,31,3
13,17,12,9,31,3
13,17,12,10,31,3
13,17,17,0,31,3
13,17,17,1,31,3
13,17,17,2,31,3
13,17,17,3,31,3
13,17,17,4,31,3
13,17,17,12,31,3
13,17,17,13,31,3
13,17,17,14,31,3
13,17,17,15,31,3
13,17,17,16,31,3
13,17,22,7,31,3
13,17,22,8,31,3
13,17,22,9,31,3
13,17,22,10,31,3
13,17,22,18,31,3
13,17,22,19,31,3
13,17,22,20,31,3
13,17,22,21,31,3
13,17,27,12,31,3
13,17,27,13,31,3
13,17,27,14,31,3
13,17,27,15,31,3
13,17,27,16,31,3
13,17,27,24,31,3
13,17,27,25,31,3
13,17,27,26,31,3
13,17,27,27,31,3
13,17,32,18,31,3
13,17,32,19,31,3
13,17,32,20,31,3
13,17,32,21,31,3
13,17,32,29,31,3
13,17,32,30,31,3
13,17,32,31,31,3
13,17,32,32,31,3
13,17,32,33,31,3
14,17,37,24,31,3
14,17,37,25,31,3
13,17,37,26,31,3
13,17,37,27,31,3
14,17,37,35,31,3
14,17,37,36,31,3
14,17,37,37,31,3
14,17,37,38,31,3
13,17,42,29,31,3
13,17,42,30,31,3
13,17,42,31,31,3
13,17,42,32,31,3
13,17,42,33,31,3
13,17,42,40,31,3
13,17,42,41,31,3
13,17,42,42,31,3
13,17,42,43,31,3
13,17,42,44,31,3
14,17,47,35,31,3
14,17,47,36,31,3
14,17,47,37,31,3
14,17,47,38,31,3
14,17,47,46,31,3
14,17,47,47,31,3
14,17,47,48,31,3
14,17,47,49,31,3
13,17,52,40,31,3
13,17,52,41,31,3
13,17,52,42,31,3
13,17,52,43,31,3
13,17,52,44,31,3
13,17,52,52,31,3
13,17,52,53,31,3
13,17,52,54,31,3
13,17,52,55,31,3
13,17,57,46,31,3
13,17,57,47,31,3
13,17,57,48,31,3
13,17,57,49,31,3
13,17,57,50,31,3
13,17,57,57,31,3
13,17,57,58,31,3
13,17,57,59,31,3
13,17,58,0,31,3
13,17,58,1,31,3
13,18,2,52,31,3
13,18,2,53,31,3
13,18,2,54,31,3
13,18,2,55,31,3
13,18,3,3,31,3
13,18,3,4,31,3
13,18,3,5,31,3
13,18,3,6,31,3
14,18,7,57,31,3
14,18,7,58,31,3
14,18,7,59,31,3
14,18,8,0,31,3
14,18,8,1,31,3
14,18,8,8,31,3
14,18,8,9,31,3
14,18,8,10,31,3
14,18,8,11,31,3
14,18,8,12,31,3
14,18,13,3,31,3
14,18,13,4,31,3
14,18,13,5,31,3
14,18,13,6,31,3
14,18,13,14,31,3
14,18,13,15,31,3
14,18,13,16,31,3
14,18,13,17,31,3
14,18,13,18,31,3
14,18,18,9,31,3
14,18,18,10,31,3
14,18,18,11,31,3
14,18,18,12,31,3
14,18,18,20,31,3
14,18,18,21,31,3
14,18,18,22,31,3
14,18,18,23,31,3
14,18,23,14,31,3
14,18,23,15,31,3
14,18,23,16,31,3
14,18,23,17,31,3
14,18,23,18,31,3
14,18,23,25,31,3
14,18,23,26,31,3
14,18,23,27,31,3
14,18,23,28,31,3
14,18,23,29,31,3
14,18,28,20,31,3
14,18,28,21,31,3
14,18,28,22,31,3
14,18,28,23,31,3
14,18,28,31,31,3
14,18,28,32,31,3
14,18,33,25,31,3
14,18,33,26,31,3
14,18,33,27,31,3
14,18,33,28,31,3
14,18,33,29,31,3
14,18,33,37,31,3
14,18,33,38,31,3
14,18,33,39,31,3
14,18,33,40,31,3
15,18,38,31,31,3
15,18,38,32,31,3
15,18,38,33,31,3
15,18,38,34,31,3
15,18,38,35,31,3
15,18,38,42,31,3
15,18,38,43,31,3
15,18,38,44,31,3
15,18,38,45,31,3
15,18,38,46,31,3
14,18,43,37,31,3
14,18,43,38,31,3
14,18,43,39,31,3
14,18,43,40,31,3
14,18,43,48,31,3
14,18,43,49,31,3
14,18,43,50,31,3
14,18,43,51,31,3
15,18,48,42,31,3
15,18,48,43,31,3
15,18,48,44,31,3
15,18,48,45,31,3
15,18,48,46,31,3
15,18,48,53,31,3
15,18,48,54,31,3
15,18,48,55,31,3
15,18,48,56,31,3
15,18,48,57,31,3
15,18,53,48,31,3
15,18,53,49,31,3
15,18,53,50,31,3
15,18,53,51,31,3
15,18,54,0,31,3
15,18,58,54,31,3
15,18,58,55,31,3
15,18,58,56,31,3
15,18,58,57,31,3
15,18,59,5,31,3
15,18,59,6,31,3
15,18,59,7,31,3
15,18,59,8,31,3
15,19,3,59,31,3
15,19,4,0,31,3
15,19,4,1,31,3
15,19,4,2,31,3
15,19,4,3,31,3
15,19,4,10,31,3
15,19,4,11,31,3
15,19,4,12,31,3
15,19,4,13,31,3
15,19,4,14,31,3
15,19,9,5,31,3
15,19,9,6,31,3
15,19,9,7,31,3
15,19,9,8,31,3
15,19,9,16,31,3
15,19,9,17,31,3
15,19,9,18,31,3
15,19,9,19,31,3
15,19,14,10,31,3
15,19,14,11,31,3
15,19,14,12,31,3
15,19,14,13,31,3
15,19,14,14,31,3
15,19,14,21,31,3
15,19,14,22,31,3
15,19,14,23,31,3
15,19,14,24,31,3
15,19,14,25,31,3
15,19,19,16,31,3
15,19,19,17,31,3
15,19,19,18,31,3
15,19,19,19,31,3
15,19,19,27,31,3
15,19,19,28,31,3
15,19,19,29,31,3
15,19,19,30,31,3
15,19,19,31,31,3
14,19,24,22,31,3
14,19,24,23,31,3
14,19,24,24,31,3
14,19,24,25,31,3
14,19,24,33,31,3
14,19,24,34,31,3
14,19,24,35,31,3
14,19,24,36,31,3
15,19,29,27,31,3
15,19,29,28,31,3
15,19,29,29,31,3
15,19,29,30,31,3
15,19,29,31,31,3
15,19,29,38,31,3
15,19,29,39,31,3
15,19,29,40,31,3
15,19,29,41,31,3
15,19,29,42,31,3
14,19,34,33,31,3
14,19,34,34,31,3
14,19,34,35,31,3
14,19,34,36,31,3
14,19,34,44,31,3
14,19,34,45,31,3
14,19,34,46,31,3
14,19,34,47,31,3
14,19,39,38,31,3
14,19,39,39,31,3
14,19,39,40,31,3
14,19,39,41,31,3
14,19,39,42,31,3
14,19,39,50,31,3
14,19,39,51,31,3
14,19,39,52,31,3
14,19,39,53,31,3
14,19,44,45,31,3
14,19,44,46,31,3
14,19,44,47,31,3
14,19,44,48,31,3
14,19,44,55,31,3
14,19,44,56,31,3
14,19,44,57,31,3
14,19,44,58,31,3
14,19,44,59,31,3
14,19,49,50,31,3
14,19,49,51,31,3
14,19,49,52,31,3
14,19,49,53,31,3
14,19,50,1,31,3
14,19,50,2,31,3
14,19,50,3,31,3
14,19,50,4,31,3
14,19,54,55,31,3
14,19,54,56,31,3
14,19,54,57,31,3
14,19,54,58,31,3
14,19,54,59,31,3
14,19,55,6,31,3
14,19,55,7,31,3
14,19,55,8,31,3
14,19,55,9,31,3
14,19,55,10,31,3
14,20,0,1,31,3
14,20,0,2,31,3
14,20,0,3,31,3
14,20,0,4,31,3
14,20,0,12,31,3
14,20,0,13,31,3
14,20,0,14,31,3
14,20,0,15,31,3
14,20,5,6,31,3
14,20,5,7,31,3
14,20,5,8,31,3
14,20,5,9,31,3
14,20,5,10,31,3
14,20,5,17,31,3
14,20,5,18,31,3
14,20,5,19,31,3
14,20,5,20,31,3
14,20,5,21,31,3
14,20,10,13,31,3
14,20,10,14,31,3
14,20,10,15,31,3
14,20,10,16,31,3
14,20,10,24,31,3
14,20,10,25,31,3
14,20,10,26,31,3
14,20,10,27,31,3
14,20,15,18,31,3
14,20,15,19,31,3
14,20,15,20,31,3
14,20,15,21,31,3
14,20,15,29,31,3
14,20,15,30,31,3
14,20,15,31,31,3
14,20,15,32,31,3
14,20,20,23,31,3
14,20,20,24,31,3
14,20,20,25,31,3
14,20,20,26,31,3
14,20,20,27,31,3
14,20,20,34,31,3
14,20,20,35,31,3
14,20,20,36,31,3
14,20,20,37,31,3
14,20,20,38,31,3
15,20,25,29,31,3
15,20,25,30,31,3
15,20,25,31,31,3
15,20,25,32,31,3
15,20,25,40,31,3
15,20,25,41,31,3
15,20,25,42,31,3
15,20,25,43,31,3
15,20,30,34,31,3
15,20,30,35,31,3
15,20,30,36,31,3
15,20,30,37,31,3
15,20,30,38,31,3
15,20,30,45,31,3
15,20,30,46,31,3
15,20,30,47,31,3
14,20,30,48,31,3
14,20,30,49,31,3
14,20,35,40,31,3
14,20,35,41,31,3
14,20,35,42,31,3
14,20,35,43,31,3
14,20,35,44,31,3
14,20,35,51,31,3
14,20,35,52,31,3
14,20,35,53,31,3
14,20,35,54,31,3
14,20,35,55,31,3
14,20,40,46,31,3
14,20,40,47,31,3
14,20,40,48,31,3
14,20,40,49,31,3
14,20,40,57,31,3
14,20,40,58,31,3
14,20,40,59,31,3
14,20,41,0,31,3
14,20,45,51,31,3
14,20,45,52,31,3
14,20,45,53,31,3
14,20,45,54,31,3
14,20,45,55,31,3
14,20,46,2,31,3
14,20,46,3,31,3
14,20,46,4,31,3
14,20,46,5,31,3
14,20,46,6,31,3
14,20,50,58,31,3
14,20,50,59,31,3
14,20,51,0,31,3
14,20,51,1,31,3
14,20,51,9,31,3
14,20,51,10,31,3
14,20,51,11,31,3
14,20,51,12,31,3
14,20,56,3,31,3
14,20,56,4,31,3
14,20,56,5,31,3
14,20,56,6,31,3
14,20,56,13,31,3
14,20,56,14,31,3
14,20,56,15,31,3
14,20,56,16,31,3
14,20,56,17,31,3
14,21,1,8,31,3
14,21,1,9,31,3
14,21,1,10,31,3
14,21,1,11,31,3
14,21,1,12,31,3
14,21,1,19,31,3
14,21,1,20,31,3
14,21,1,21,31,3
14,21,1,22,31,3
14,21,1,23,31,3
14,21,6,14,31,3
14,21,6,15,31,3
14,21,6,16,31,3
14,21,6,17,31,3
14,21,6,25,31,3
14,21,6,26,31,3
14,21,6,27,31,3
14,21,6,28,31,3
14,21,11,19,31,3
14,21,11,20,31,3
14,21,11,21,31,3
14,21,11,22,31,3
14,21,11,23,31,3
14,21,11,30,31,3
14,21,11,31,31,3
14,21,11,32,31,3
14,21,11,33,31,3
14,21,11,34,31,3
13,21,16,26,31,3
13,21,16,27,31,3
13,21,16,28,31,3
13,21,16,29,31,3
13,21,16,37,31,3
13,21,16,38,31,3
13,21,16,39,31,3
13,21,16,40,31,3
13,21,21,31,31,3
13,21,21,32,31,3
13,21,21,33,31,3
13,21,21,34,31,3
13,21,21,42,31,3
13,21,21,43,31,3
13,21,21,44,31,3
13,21,21,45,31,3
12,21,26,36,31,3
12,21,26,37,31,3
12,21,26,38,31,3
12,21,26,39,31,3
12,21,26,40,31,3
12,21,26,47,31,3
12,21,26,48,31,3
12,21,26,49,31,3
12,21,26,50,31,3
12,21,26,51,31,3
13,21,31,43,31,3
13,21,31,44,31,3
13,21,31,45,31,3
13,21,31,46,31,3
13,21,31,54,31,3
13,21,31,55,31,3
13,21,31,56,31,3
13,21,31,57,31,3
13,21,36,47,31,3
13,21,36,48,31,3
13,21,36,49,31,3
13,21,36,50,31,3
13,21,36,51,31,3
13,21,36,58,31,3
13,21,36,59,31,3
13,21,37,0,31,3
13,21,37,1,31,3
13,21,37,2,31,3
12,21,41,53,31,3
12,21,41,54,31,3
12,21,41,55,31,3
12,21,41,56,31,3
12,21,41,57,31,3
12,21,42,8,31,3
12,21,46,59,31,3
12,21,47,0,31,3
12,21,47,2,31,3
12,21,47,3,31,3
12,21,47,10,31,3
12,21,47,11,31,3
12,21,47,12,31,3
12,21,47,13,31,3
12,21,52,4,31,3
12,21,52,5,31,3
12,21,52,6,31,3
12,21,52,7,31,3
12,21,52,8,31,3
12,21,52,15,31,3
12,21,52,16,31,3
12,21,52,17,31,3
12,21,52,18,31,3
12,21,52,19,31,3
12,21,57,11,31,3
12,21,57,12,31,3
12,21,57,13,31,3
12,21,57,14,31,3
12,21,57,22,31,3
12,21,57,23,31,3
12,21,57,24,31,3
12,21,57,25,31,3
12,22,2,16,31,3
12,22,2,17,31,3
12,22,2,18,31,3
12,22,2,19,31,3
12,22,2,27,31,3
12,22,2,28,31,3
12,22,2,29,31,3
12,22,2,30,31,3
12,22,7,21,31,3
12,22,7,22,31,3
12,22,7,23,31,3
12,22,7,24,31,3
12,22,7,25,31,3
12,22,7,32,31,3
12,22,7,33,31,3
12,22,7,34,31,3
12,22,7,35,31,3
12,22,7,36,31,3
13,22,12,28,31,3
13,22,12,29,31,3
13,22,12,30,31,3
13,22,12,31,31,3
13,22,12,39,31,3
13,22,12,40,31,3
13,22,12,41,31,3
13,22,12,42,31,3
13,22,17,32,31,3
13,22,17,33,31,3
13,22,17,34,31,3
13,22,17,35,31,3
13,22,17,36,31,3
14,22,17,43,31,3
14,22,17,44,31,3
14,22,17,45,31,3
14,22,17,46,31,3
14,22,17,47,31,3
14,22,22,38,31,3
14,22,22,39,31,3
14,22,22,40,31,3
14,22,22,41,31,3
14,22,22,42,31,3
14,22,22,50,31,3
14,22,22,51,31,3
14,22,22,52,31,3
14,22,22,53,31,3
14,22,27,45,31,3
14,22,27,46,31,3
14,22,27,47,31,3
14,22,27,48,31,3
14,22,27,54,31,3
14,22,27,55,31,3
14,22,27,56,31,3
14,22,27,57,31,3
14,22,27,58,31,3
14,22,32,49,31,3
14,22,32,50,31,3
14,22,32,51,31,3
14,22,32,52,31,3
14,22,32,53,31,3
14,22,33,0,31,3
14,22,33,1,31,3
14,22,33,2,31,3
14,22,33,3,31,3
14,22,33,4,31,3
14,22,37,56,31,3
14,22,37,57,31,3
14,22,37,58,31,3
14,22,37,59,31,3
14,22,38,7,31,3
14,22,38,8,31,3
14,22,38,9,31,3
14,22,38,10,31,3
14,22,43,1,31,3
14,22,43,3,31,3
14,22,43,4,31,3
14,22,43,5,31,3
14,22,43,11,31,3
14,22,43,12,31,3
14,22,43,13,31,3
14,22,43,14,31,3
14,22,43,15,31,3
14,22,48,6,31,3
14,22,48,7,31,3
14,22,48,8,31,3
14,22,48,9,31,3
14,22,48,10,31,3
14,22,48,18,31,3
14,22,48,19,31,3
14,22,48,20,31,3
14,22,48,21,31,3
13,22,53,13,31,3
13,22,53,14,31,3
13,22,53,15,31,3
13,22,53,16,31,3
13,22,53,22,31,3
13,22,53,23,31,3
13,22,53,24,31,3
13,22,53,25,31,3
13,22,53,26,31,3
14,22,58,17,31,3
14,22,58,18,31,3
14,22,58,19,31,3
14,22,58,20,31,3
14,22,58,21,31,3
14,22,58,28,31,3
14,22,58,29,31,3
14,22,58,30,31,3
14,22,58,31,31,3
14,22,58,32,31,3
14,23,3,24,31,3
14,23,3,25,31,3
14,23,3,26,31,3
14,23,3,27,31,3
14,23,3,35,31,3
14,23,3,36,31,3
14,23,3,37,31,3
14,23,3,38,31,3
12,23,8,29,31,3
12,23,8,30,31,3
12,23,8,31,31,3
12,23,8,32,31,3
12,23,8,39,31,3
12,23,8,40,31,3
12,23,8,41,31,3
12,23,8,42,31,3
12,23,8,43,31,3
11,23,13,34,31,3
11,23,13,35,31,3
11,23,13,36,31,3
11,23,13,37,31,3
11,23,13,38,31,3
11,23,13,46,31,3
11,23,13,47,31,3
11,23,13,48,31,3
11,23,13,49,31,3
11,23,18,41,31,3
11,23,18,42,31,3
11,23,18,43,31,3
11,23,18,44,31,3
11,23,18,51,31,3
12,23,18,52,31,3
12,23,18,53,31,3
12,23,18,54,31,3
11,23,23,45,31,3
11,23,23,46,31,3
11,23,23,47,31,3
11,23,23,48,31,3
11,23,23,49,31,3
11,23,23,56,31,3
11,23,23,57,31,3
11,23,23,58,31,3
11,23,23,59,31,3
11,23,24,0,31,3
11,23,28,51,31,3
11,23,28,52,31,3
11,23,28,53,31,3
11,23,28,54,31,3
11,23,28,55,31,3
11,23,29,3,31,3
11,23,29,4,31,3
11,23,29,5,31,3
11,23,29,6,31,3
11,23,33,58,31,3
11,23,33,59,31,3
11,23,34,0,31,3
11,23,34,1,31,3
11,23,34,7,31,3
11,23,34,8,31,3
11,23,34,9,31,3
11,23,34,10,31,3
11,23,34,11,31,3
11,23,39,2,31,3
11,23,39,3,31,3
11,23,39,4,31,3
11,23,39,5,31,3
11,23,39,6,31,3
11,23,39,14,31,3
11,23,39,15,31,3
11,23,39,16,31,3
11,23,39,17,31,3
11,23,44,20,31,3
11,23,44,21,31,3
11,23,44,22,31,3
11,23,44,23,31,3
10,23,49,15,31,3
10,23,49,16,31,3
10,23,49,17,31,3
10,23,49,18,31,3
10,23,49,24,31,3
10,23,49,25,31,3
10,23,49,26,31,3
10,23,49,27,31,3
10,23,49,28,31,3
10,23,54,19,31,3
10,23,54,20,31,3
10,23,54,21,31,3
10,23,54,22,31,3
10,23,54,23,31,3
10,23,54,31,31,3
10,23,54,32,31,3
10,23,54,33,31,3
10,23,54,34,31,3
10,23,59,26,31,3
10,23,59,27,31,3
10,23,59,28,31,3
10,23,59,29,31,3
10,23,59,37,31,3
10,23,59,38,31,3
10,23,59,39,31,3
10,23,59,40,31,3
10,0,4,30,1,4
10,0,4,31,1,4
10,0,4,32,1,4
10,0,4,33,1,4
10,0,4,34,1,4
10,0,4,41,1,4
10,0,4,42,1,4
10,0,4,43,1,4
10,0,4,44,1,4
10,0,4,45,1,4
10,0,9,37,1,4
10,0,9,38,1,4
10,0,9,39,1,4
10,0,9,40,1,4
10,0,9,48,1,4
10,0,9,49,1,4
10,0,9,50,1,4
10,0,9,51,1,4
11,0,14,43,1,4
11,0,14,44,1,4
11,0,14,45,1,4
11,0,14,46,1,4
11,0,14,52,1,4
11,0,14,53,1,4
11,0,14,54,1,4
11,0,14,55,1,4
11,0,14,56,1,4
11,0,19,47,1,4
11,0,19,48,1,4
11,0,19,49,1,4
11,0,19,50,1,4
10,0,19,51,1,4
10,0,19,59,1,4
10,0,20,0,1,4
10,0,20,1,1,4
10,0,20,2,1,4
10,0,24,54,1,4
10,0,24,55,1,4
10,0,24,56,1,4
10,0,24,57,1,4
10,0,25,5,1,4
10,0,25,6,1,4
10,0,25,7,1,4
10,0,25,8,1,4
10,0,29,58,1,4
10,0,29,59,1,4
10,0,30,0,1,4
10,0,30,1,1,4
10,0,30,2,1,4
10,0,30,9,1,4
10,0,30,10,1,4
10,0,30,11,1,4
10,0,30,12,1,4
10,0,30,13,1,4
10,0,35,4,1,4
10,0,35,5,1,4
10,0,35,6,1,4
10,0,35,7,1,4
10,0,35,8,1,4
10,0,35,16,1,4
10,0,35,17,1,4
10,0,35,18,1,4
10,0,35,19,1,4
10,0,40,11,1,4
10,0,40,12,1,4
10,0,40,13,1,4
10,0,40,14,1,4
10,0,40,22,1,4
10,0,40,23,1,4
10,0,40,24,1,4
10,0,40,25,1,4
9,0,45,15,1,4
9,0,45,16,1,4
10,0,45,17,1,4
9,0,45,18,1,4
9,0,45,19,1,4
9,0,45,26,1,4
9,0,45,27,1,4
9,0,45,28,1,4
9,0,45,29,1,4
9,0,45,30,1,4
