16,14,23,38,30,3
16,14,23,39,30,3
16,14,23,40,30,3
16,14,23,41,30,3
16,14,23,42,30,3
17,14,28,43,30,3
17,14,28,44,30,3
17,14,28,45,30,3
17,14,28,46,30,3
17,14,28,47,30,3
19,14,33,45,30,3
19,14,33,46,30,3
19,14,33,47,30,3
19,14,33,48,30,3
19,14,38,50,30,3
19,14,38,51,30,3
19,14,38,52,30,3
19,14,38,53,30,3
20,14,43,51,30,3
20,14,43,52,30,3
20,14,43,53,30,3
20,14,43,54,30,3
20,14,48,56,30,3
20,14,48,57,30,3
20,14,48,58,30,3
20,14,48,59,30,3
20,14,53,55,30,3
20,14,53,56,30,3
20,14,53,57,30,3
20,14,53,58,30,3
20,14,53,59,30,3
19,14,59,0,30,3
19,14,59,1,30,3
19,14,59,2,30,3
19,14,59,3,30,3
19,14,59,4,30,3
19,15,4,2,30,3
19,15,4,3,30,3
19,15,4,4,30,3
19,15,4,5,30,3
16,15,9,7,30,3
16,15,9,8,30,3
16,15,9,9,30,3
16,15,9,10,30,3
17,15,14,8,30,3
17,15,14,9,30,3
17,15,14,10,30,3
17,15,14,11,30,3
18,15,19,13,30,3
18,15,19,14,30,3
18,15,19,15,30,3
18,15,19,16,30,3
19,15,24,12,30,3
19,15,24,13,30,3
19,15,24,14,30,3
19,15,24,15,30,3
18,15,24,16,30,3
20,15,29,17,30,3
20,15,29,18,30,3
20,15,29,19,30,3
20,15,29,20,30,3
20,15,29,21,30,3
20,15,34,19,30,3
20,15,34,20,30,3
20,15,34,21,30,3
20,15,34,22,30,3
21,15,39,24,30,3
21,15,39,25,30,3
21,15,39,26,30,3
20,15,44,25,30,3
20,15,44,26,30,3
20,15,44,27,30,3
20,15,44,28,30,3
20,15,49,30,30,3
20,15,49,31,30,3
20,15,49,32,30,3
20,15,49,33,30,3
20,15,54,29,30,3
20,15,54,30,30,3
20,15,54,31,30,3
20,15,54,32,30,3
20,15,54,33,30,3
18,15,59,34,30,3
18,15,59,35,30,3
18,15,59,36,30,3
18,15,59,37,30,3
18,15,59,38,30,3
18,16,4,35,30,3
18,16,4,36,30,3
18,16,4,37,30,3
18,16,4,38,30,3
18,16,4,39,30,3
21,16,14,42,30,3
21,16,14,43,30,3
21,16,14,44,30,3
21,16,14,45,30,3
21,16,19,47,30,3
21,16,19,48,30,3
21,16,19,49,30,3
21,16,19,50,30,3
22,16,24,46,30,3
22,16,24,47,30,3
22,16,24,48,30,3
22,16,24,49,30,3
22,16,24,51,30,3
21,16,29,51,30,3
21,16,29,52,30,3
21,16,29,53,30,3
21,16,29,54,30,3
21,16,29,55,30,3
22,16,34,55,30,3
22,16,34,56,30,3
21,16,39,58,30,3
21,16,39,59,30,3
21,16,40,0,30,3
19,16,44,59,30,3
19,16,45,0,30,3
19,16,45,1,30,3
19,16,45,2,30,3
17,16,50,4,30,3
17,16,50,5,30,3
17,16,50,6,30,3
17,16,50,7,30,3
20,16,55,4,30,3
20,16,55,5,30,3
20,16,55,6,30,3
20,16,55,7,30,3
20,16,55,8,30,3
21,17,0,9,30,3
21,17,0,10,30,3
21,17,0,11,30,3
21,17,0,12,30,3
21,17,0,13,30,3
21,17,5,9,30,3
21,17,5,10,30,3
21,17,5,11,30,3
21,17,5,12,30,3
20,17,5,13,30,3
22,17,10,14,30,3
22,17,10,15,30,3
22,17,10,16,30,3
22,17,10,17,30,3
22,17,10,18,30,3
21,17,15,16,30,3
21,17,15,17,30,3
21,17,15,18,30,3
21,17,15,19,30,3
21,17,20,21,30,3
21,17,20,22,30,3
21,17,20,23,30,3
21,17,20,24,30,3
19,17,25,21,30,3
19,17,25,22,30,3
19,17,25,23,30,3
19,17,25,24,30,3
19,17,25,25,30,3
16,17,30,27,30,3
16,17,30,28,30,3
16,17,30,29,30,3
16,17,30,30,30,3
17,17,35,26,30,3
17,17,35,27,30,3
17,17,35,28,30,3
17,17,35,29,30,3
17,17,35,30,30,3
21,17,40,32,30,3
21,17,40,33,30,3
21,17,40,34,30,3
21,17,40,35,30,3
21,17,40,36,30,3
20,17,45,33,30,3
20,17,45,34,30,3
20,17,45,35,30,3
20,17,45,36,30,3
20,17,50,38,30,3
20,17,50,39,30,3
20,17,50,40,30,3
20,17,50,41,30,3
20,17,55,38,30,3
20,17,55,39,30,3
20,17,55,40,30,3
20,17,55,41,30,3
20,17,55,42,30,3
20,18,0,44,30,3
20,18,0,45,30,3
20,18,0,46,30,3
20,18,0,47,30,3
18,18,5,43,30,3
18,18,5,44,30,3
18,18,5,45,30,3
18,18,5,46,30,3
18,18,5,47,30,3
19,18,10,49,30,3
19,18,10,50,30,3
19,18,10,51,30,3
19,18,10,52,30,3
19,18,10,53,30,3
18,18,15,50,30,3
17,18,15,51,30,3
17,18,15,52,30,3
17,18,15,53,30,3
19,18,20,54,30,3
19,18,20,56,30,3
19,18,20,57,30,3
19,18,20,58,30,3
19,18,20,59,30,3
17,18,25,55,30,3
17,18,25,56,30,3
17,18,25,57,30,3
17,18,25,58,30,3
17,18,25,59,30,3
18,18,31,1,30,3
18,18,31,2,30,3
18,18,31,3,30,3
18,18,31,4,30,3
18,18,36,1,30,3
18,18,36,2,30,3
18,18,36,3,30,3
18,18,36,4,30,3
18,18,36,5,30,3
19,18,41,6,30,3
19,18,41,7,30,3
19,18,41,8,30,3
19,18,41,9,30,3
19,18,41,10,30,3
20,18,46,7,30,3
20,18,46,8,30,3
20,18,46,9,30,3
20,18,46,10,30,3
21,18,51,14,30,3
21,18,51,15,30,3
23,18,56,13,30,3
23,18,56,14,30,3
23,18,56,15,30,3
23,18,56,16,30,3
22,19,1,18,30,3
22,19,1,19,30,3
22,19,1,20,30,3
22,19,1,21,30,3
21,19,6,18,30,3
21,19,6,19,30,3
21,19,6,20,30,3
21,19,6,21,30,3
21,19,6,22,30,3
21,19,11,23,30,3
21,19,11,24,30,3
21,19,11,25,30,3
21,19,11,26,30,3
21,19,11,27,30,3
21,19,16,24,30,3
21,19,16,25,30,3
21,19,16,26,30,3
21,19,16,27,30,3
20,19,21,29,30,3
20,19,21,30,30,3
20,19,21,31,30,3
20,19,21,32,30,3
20,19,21,33,30,3
20,19,26,29,30,3
20,19,26,30,30,3
20,19,26,31,30,3
20,19,26,32,30,3
20,19,26,33,30,3
21,19,31,35,30,3
21,19,31,36,30,3
21,19,31,37,30,3
21,19,31,38,30,3
22,19,36,36,30,3
22,19,36,37,30,3
22,19,36,38,30,3
21,19,41,40,30,3
21,19,41,41,30,3
21,19,41,42,30,3
21,19,41,43,30,3
21,19,41,44,30,3
21,19,46,41,30,3
21,19,46,42,30,3
21,19,46,43,30,3
21,19,46,44,30,3
22,19,51,46,30,3
22,19,51,47,30,3
22,19,51,48,30,3
22,19,51,49,30,3
22,19,51,50,30,3
22,19,56,46,30,3
22,19,56,47,30,3
22,19,56,48,30,3
22,19,56,49,30,3
22,19,56,50,30,3
22,20,1,52,30,3
22,20,1,53,30,3
22,20,1,54,30,3
22,20,1,55,30,3
22,20,6,52,30,3
22,20,6,53,30,3
22,20,6,54,30,3
22,20,6,55,30,3
22,20,6,56,30,3
21,20,11,58,30,3
21,20,11,59,30,3
21,20,12,0,30,3
21,20,12,1,30,3
20,20,16,58,30,3
20,20,16,59,30,3
20,20,17,0,30,3
20,20,17,1,30,3
20,20,22,3,30,3
20,20,22,4,30,3
20,20,22,5,30,3
20,20,22,6,30,3
20,20,22,7,30,3
21,20,27,4,30,3
21,20,27,5,30,3
21,20,27,6,30,3
21,20,27,7,30,3
21,20,32,10,30,3
21,20,32,11,30,3
21,20,32,12,30,3
21,20,32,13,30,3
21,20,37,9,30,3
21,20,37,10,30,3
21,20,37,11,30,3
21,20,37,12,30,3
21,20,37,13,30,3
20,20,42,15,30,3
20,20,42,16,30,3
20,20,42,17,30,3
20,20,42,18,30,3
21,20,47,15,30,3
21,20,47,16,30,3
21,20,47,17,30,3
21,20,47,18,30,3
21,20,52,20,30,3
21,20,52,21,30,3
21,20,52,22,30,3
21,20,52,23,30,3
21,20,52,24,30,3
21,20,57,21,30,3
21,20,57,22,30,3
21,20,57,23,30,3
21,20,57,24,30,3
21,21,2,27,30,3
21,21,2,28,30,3
21,21,2,29,30,3
21,21,2,30,30,3
20,21,7,26,30,3
20,21,7,27,30,3
20,21,7,28,30,3
20,21,7,29,30,3
20,21,7,30,30,3
21,21,12,32,30,3
21,21,12,33,30,3
21,21,12,34,30,3
21,21,12,35,30,3
22,21,17,33,30,3
22,21,17,34,30,3
22,21,17,35,30,3
22,21,17,36,30,3
21,21,22,37,30,3
21,21,22,38,30,3
21,21,22,39,30,3
21,21,22,40,30,3
21,21,22,41,30,3
22,21,27,38,30,3
22,21,27,39,30,3
22,21,27,40,30,3
22,21,27,41,30,3
23,21,32,43,30,3
23,21,32,44,30,3
23,21,32,45,30,3
23,21,32,46,30,3
23,21,32,47,30,3
21,21,37,43,30,3
21,21,37,44,30,3
21,21,37,45,30,3
21,21,37,46,30,3
21,21,37,47,30,3
22,21,42,50,30,3
22,21,42,51,30,3
22,21,42,52,30,3
22,21,42,53,30,3
21,21,47,50,30,3
21,21,47,51,30,3
21,21,47,52,30,3
21,21,47,53,30,3
18,21,52,54,30,3
18,21,52,55,30,3
18,21,52,56,30,3
18,21,52,57,30,3
18,21,52,58,30,3
19,21,57,55,30,3
19,21,57,56,30,3
19,21,57,57,30,3
19,21,57,58,30,3
20,22,3,0,30,3
20,22,3,1,30,3
20,22,3,2,30,3
20,22,3,3,30,3
20,22,3,4,30,3
21,22,8,0,30,3
21,22,8,1,30,3
21,22,8,2,30,3
20,22,8,3,30,3
20,22,8,4,30,3
20,22,8,7,30,3
20,22,8,8,30,3
20,22,8,9,30,3
20,22,8,10,30,3
20,22,13,7,30,3
20,22,13,8,30,3
20,22,13,9,30,3
20,22,13,10,30,3
20,22,13,11,30,3
20,22,13,12,30,3
20,22,13,13,30,3
20,22,13,14,30,3
20,22,13,15,30,3
21,22,18,11,30,3
21,22,18,12,30,3
21,22,18,13,30,3
21,22,18,14,30,3
21,22,18,15,30,3
21,22,18,17,30,3
21,22,18,18,30,3
21,22,18,19,30,3
21,22,18,20,30,3
21,22,18,21,30,3
19,22,23,17,30,3
19,22,23,18,30,3
19,22,23,19,30,3
19,22,23,20,30,3
19,22,23,21,30,3
19,22,23,24,30,3
19,22,23,25,30,3
19,22,23,26,30,3
19,22,23,27,30,3
20,22,28,24,30,3
20,22,28,25,30,3
20,22,28,26,30,3
20,22,28,27,30,3
20,22,28,28,30,3
20,22,28,29,30,3
20,22,28,30,30,3
20,22,28,31,30,3
20,22,28,32,30,3
19,22,33,28,30,3
19,22,33,29,30,3
19,22,33,30,30,3
19,22,33,31,30,3
19,22,33,32,30,3
19,22,33,35,30,3
19,22,33,36,30,3
19,22,33,37,30,3
19,22,33,38,30,3
21,22,38,35,30,3
21,22,38,36,30,3
21,22,38,37,30,3
21,22,38,38,30,3
21,22,38,41,30,3
21,22,38,42,30,3
21,22,38,43,30,3
21,22,38,44,30,3
21,22,43,40,30,3
21,22,43,41,30,3
21,22,43,42,30,3
21,22,43,44,30,3
21,22,43,45,30,3
21,22,43,46,30,3
21,22,43,47,30,3
21,22,43,48,30,3
21,22,43,49,30,3
21,22,48,45,30,3
21,22,48,46,30,3
21,22,48,47,30,3
21,22,48,48,30,3
21,22,48,49,30,3
21,22,48,52,30,3
21,22,48,53,30,3
21,22,48,54,30,3
21,22,48,55,30,3
21,22,53,52,30,3
21,22,53,53,30,3
21,22,53,54,30,3
21,22,53,55,30,3
21,22,53,56,30,3
21,22,53,57,30,3
21,22,53,58,30,3
21,22,53,59,30,3
21,22,54,0,30,3
24,22,58,56,30,3
24,22,58,57,30,3
24,22,58,58,30,3
24,22,58,59,30,3
24,22,59,0,30,3
21,23,4,3,30,3
21,23,4,4,30,3
20,23,4,5,30,3
20,23,4,6,30,3
21,23,9,3,30,3
21,23,9,4,30,3
21,23,9,5,30,3
21,23,9,6,30,3
23,23,14,9,30,3
23,23,14,10,30,3
23,23,14,11,30,3
23,23,14,12,30,3
23,23,19,9,30,3
23,23,19,10,30,3
23,23,19,11,30,3
23,23,19,12,30,3
23,23,19,13,30,3
23,23,19,14,30,3
23,23,19,15,30,3
23,23,19,16,30,3
23,23,19,17,30,3
22,23,24,13,30,3
22,23,24,14,30,3
22,23,24,15,30,3
22,23,24,16,30,3
22,23,24,17,30,3
22,23,24,20,30,3
22,23,24,21,30,3
22,23,24,22,30,3
22,23,24,23,30,3
24,23,29,20,30,3
24,23,29,21,30,3
24,23,29,22,30,3
24,23,29,23,30,3
24,23,29,24,30,3
24,23,29,25,30,3
24,23,29,26,30,3
24,23,29,27,30,3
24,23,29,28,30,3
22,23,34,24,30,3
22,23,34,25,30,3
22,23,34,26,30,3
22,23,34,27,30,3
22,23,34,28,30,3
22,23,34,30,30,3
21,23,34,31,30,3
21,23,34,32,30,3
21,23,34,33,30,3
21,23,34,34,30,3
19,23,39,30,30,3
19,23,39,31,30,3
19,23,39,32,30,3
19,23,39,33,30,3
19,23,39,34,30,3
19,23,39,37,30,3
19,23,39,38,30,3
19,23,39,39,30,3
19,23,39,40,30,3
24,23,44,37,30,3
24,23,44,38,30,3
24,23,44,39,30,3
24,23,44,40,30,3
24,23,44,41,30,3
24,23,44,42,30,3
24,23,44,43,30,3
24,23,44,44,30,3
24,23,44,45,30,3
24,23,49,41,30,3
24,23,49,42,30,3
24,23,49,43,30,3
24,23,49,44,30,3
24,23,49,45,30,3
24,23,49,48,30,3
24,23,49,49,30,3
24,23,49,50,30,3
24,23,49,51,30,3
24,23,54,48,30,3
24,23,54,49,30,3
24,23,54,50,30,3
23,23,54,51,30,3
23,23,54,52,30,3
23,23,54,53,30,3
23,23,54,54,30,3
23,23,54,55,30,3
23,23,54,56,30,3
23,23,59,53,30,3
23,23,59,54,30,3
23,23,59,55,30,3
23,23,59,56,30,3
23,23,59,57,30,3
25,0,4,58,31,3
25,0,4,59,31,3
25,0,5,0,31,3
25,0,5,1,31,3
25,0,5,2,31,3
23,0,9,58,31,3
23,0,9,59,31,3
23,0,10,0,31,3
23,0,10,1,31,3
23,0,10,2,31,3
21,0,15,5,31,3
21,0,15,6,31,3
21,0,15,7,31,3
21,0,15,8,31,3
21,0,20,5,31,3
21,0,20,6,31,3
21,0,20,7,31,3
21,0,20,8,31,3
22,0,25,10,31,3
22,0,25,11,31,3
22,0,25,12,31,3
22,0,25,13,31,3
22,0,25,14,31,3
21,0,30,11,31,3
21,0,30,12,31,3
21,0,30,13,31,3
21,0,30,14,31,3
21,0,30,15,31,3
21,0,30,16,31,3
21,0,30,17,31,3
21,0,30,18,31,3
21,0,30,19,31,3
21,0,35,15,31,3
21,0,35,16,31,3
21,0,35,17,31,3
21,0,35,18,31,3
21,0,35,19,31,3
21,0,35,22,31,3
21,0,35,23,31,3
21,0,35,24,31,3
21,0,35,25,31,3
19,0,40,22,31,3
19,0,40,23,31,3
19,0,40,24,31,3
19,0,40,25,31,3
19,0,40,26,31,3
19,0,40,27,31,3
19,0,40,28,31,3
19,0,40,29,31,3
19,0,40,31,31,3
18,0,45,26,31,3
18,0,45,27,31,3
18,0,45,28,31,3
18,0,45,29,31,3
18,0,45,30,31,3
18,0,45,33,31,3
18,0,45,34,31,3
18,0,45,35,31,3
17,0,50,33,31,3
17,0,50,34,31,3
17,0,50,35,31,3
17,0,50,36,31,3
17,0,50,39,31,3
17,0,50,40,31,3
17,0,50,41,31,3
17,0,50,42,31,3
17,0,55,38,31,3
17,0,55,39,31,3
17,0,55,40,31,3
17,0,55,41,31,3
17,0,55,42,31,3
17,0,55,43,31,3
17,0,55,44,31,3
17,0,55,45,31,3
17,0,55,46,31,3
17,0,55,47,31,3
18,1,0,44,31,3
18,1,0,45,31,3
18,1,0,46,31,3
18,1,0,47,31,3
18,1,0,50,31,3
18,1,0,51,31,3
18,1,0,52,31,3
18,1,0,53,31,3
19,1,5,50,31,3
19,1,5,51,31,3
19,1,5,52,31,3
19,1,5,53,31,3
19,1,5,54,31,3
19,1,5,55,31,3
19,1,5,56,31,3
19,1,5,57,31,3
19,1,5,59,31,3
19,1,10,54,31,3
19,1,10,55,31,3
19,1,10,56,31,3
19,1,10,57,31,3
19,1,10,58,31,3
19,1,11,1,31,3
19,1,11,2,31,3
19,1,11,3,31,3
19,1,11,4,31,3
22,1,16,1,31,3
22,1,16,2,31,3
22,1,16,3,31,3
22,1,16,4,31,3
22,1,16,7,31,3
22,1,16,8,31,3
22,1,16,9,31,3
22,1,16,10,31,3
19,1,21,6,31,3
19,1,21,7,31,3
19,1,21,8,31,3
19,1,21,9,31,3
19,1,21,10,31,3
19,1,21,11,31,3
19,1,21,12,31,3
19,1,21,13,31,3
19,1,21,14,31,3
19,1,21,15,31,3
21,1,26,12,31,3
21,1,26,13,31,3
21,1,26,14,31,3
21,1,26,15,31,3
21,1,26,18,31,3
21,1,26,19,31,3
21,1,26,20,31,3
21,1,26,21,31,3
20,1,31,18,31,3
20,1,31,19,31,3
20,1,31,20,31,3
20,1,31,21,31,3
20,1,31,22,31,3
20,1,31,23,31,3
20,1,31,24,31,3
20,1,31,25,31,3
20,1,31,27,31,3
19,1,36,22,31,3
19,1,36,23,31,3
19,1,36,24,31,3
19,1,36,25,31,3
19,1,36,26,31,3
19,1,36,29,31,3
19,1,36,30,31,3
19,1,36,31,31,3
19,1,36,32,31,3
18,1,41,29,31,3
18,1,41,30,31,3
18,1,41,31,31,3
18,1,41,32,31,3
18,1,41,35,31,3
18,1,41,36,31,3
18,1,41,37,31,3
18,1,41,38,31,3
20,1,46,34,31,3
20,1,46,35,31,3
20,1,46,36,31,3
20,1,46,37,31,3
20,1,46,38,31,3
20,1,46,39,31,3
20,1,46,40,31,3
20,1,46,41,31,3
20,1,46,42,31,3
20,1,46,43,31,3
21,1,51,46,31,3
21,1,51,47,31,3
21,1,51,48,31,3
21,1,51,49,31,3
21,1,56,46,31,3
21,1,56,47,31,3
21,1,56,48,31,3
21,1,56,49,31,3
21,1,56,50,31,3
21,1,56,51,31,3
21,1,56,52,31,3
21,1,56,53,31,3
21,1,56,54,31,3
21,2,1,50,31,3
21,2,1,51,31,3
21,2,1,52,31,3
21,2,1,53,31,3
21,2,1,54,31,3
21,2,1,57,31,3
21,2,1,58,31,3
21,2,1,59,31,3
21,2,2,0,31,3
23,2,6,57,31,3
23,2,6,58,31,3
23,2,6,59,31,3
23,2,7,0,31,3
23,2,7,2,31,3
23,2,7,3,31,3
23,2,7,4,31,3
23,2,7,5,31,3
23,2,7,6,31,3
24,2,12,2,31,3
24,2,12,3,31,3
24,2,12,4,31,3
24,2,12,5,31,3
24,2,12,6,31,3
24,2,12,8,31,3
24,2,12,9,31,3
24,2,12,10,31,3
24,2,12,11,31,3
24,2,17,8,31,3
24,2,17,9,31,3
24,2,17,10,31,3
24,2,17,11,31,3
24,2,17,14,31,3
24,2,17,15,31,3
24,2,17,16,31,3
24,2,17,17,31,3
22,2,22,13,31,3
22,2,22,14,31,3
22,2,22,15,31,3
22,2,22,16,31,3
22,2,22,17,31,3
22,2,22,19,31,3
22,2,22,20,31,3
22,2,22,21,31,3
22,2,22,22,31,3
22,2,22,23,31,3
20,2,27,18,31,3
20,2,27,19,31,3
20,2,27,20,31,3
20,2,27,21,31,3
20,2,27,22,31,3
20,2,27,25,31,3
20,2,27,26,31,3
20,2,27,27,31,3
20,2,27,28,31,3
22,2,32,25,31,3
22,2,32,26,31,3
22,2,32,27,31,3
22,2,32,28,31,3
22,2,32,31,31,3
22,2,32,32,31,3
22,2,32,33,31,3
22,2,32,34,31,3
24,2,37,30,31,3
24,2,37,31,31,3
24,2,37,32,31,3
24,2,37,33,31,3
24,2,37,34,31,3
24,2,37,35,31,3
24,2,37,37,31,3
24,2,37,38,31,3
24,2,37,39,31,3
24,2,37,40,31,3
21,2,42,36,31,3
21,2,42,42,31,3
21,2,42,43,31,3
21,2,42,44,31,3
21,2,42,45,31,3
23,2,47,42,31,3
23,2,47,43,31,3
23,2,47,44,31,3
23,2,47,45,31,3
23,2,47,47,31,3
23,2,47,48,31,3
23,2,47,49,31,3
23,2,47,50,31,3
23,2,47,51,31,3
25,2,52,47,31,3
25,2,52,48,31,3
25,2,52,49,31,3
25,2,52,50,31,3
25,2,52,51,31,3
25,2,52,53,31,3
25,2,52,54,31,3
25,2,52,55,31,3
25,2,52,56,31,3
23,2,57,53,31,3
23,2,57,54,31,3
23,2,57,55,31,3
23,2,57,56,31,3
23,2,57,58,31,3
23,2,57,59,31,3
23,2,58,0,31,3
23,2,58,1,31,3
23,2,58,2,31,3
25,3,2,58,31,3
25,3,2,59,31,3
25,3,3,0,31,3
25,3,3,1,31,3
25,3,3,2,31,3
25,3,3,4,31,3
25,3,3,5,31,3
25,3,3,6,31,3
25,3,3,7,31,3
25,3,3,8,31,3
24,3,8,4,31,3
24,3,8,5,31,3
24,3,8,6,31,3
24,3,8,7,31,3
24,3,8,8,31,3
24,3,8,10,31,3
24,3,8,11,31,3
24,3,8,12,31,3
24,3,8,13,31,3
25,3,13,10,31,3
25,3,13,11,31,3
25,3,13,12,31,3
25,3,13,13,31,3
25,3,13,15,31,3
25,3,13,16,31,3
25,3,13,17,31,3
25,3,13,18,31,3
25,3,13,19,31,3
25,3,18,15,31,3
25,3,18,16,31,3
25,3,18,17,31,3
25,3,18,18,31,3
25,3,18,19,31,3
24,3,23,21,31,3
24,3,23,22,31,3
24,3,23,23,31,3
24,3,23,24,31,3
25,3,23,27,31,3
25,3,23,28,31,3
25,3,23,29,31,3
25,3,23,30,31,3
28,3,28,26,31,3
28,3,28,27,31,3
28,3,28,28,31,3
28,3,28,29,31,3
28,3,28,30,31,3
28,3,28,32,31,3
28,3,28,33,31,3
28,3,28,34,31,3
28,3,28,35,31,3
28,3,28,36,31,3
25,3,33,32,31,3
25,3,33,33,31,3
25,3,33,34,31,3
25,3,33,35,31,3
25,3,33,36,31,3
25,3,33,38,31,3
25,3,33,39,31,3
25,3,33,40,31,3
24,3,33,41,31,3
26,3,38,38,31,3
26,3,38,39,31,3
26,3,38,40,31,3
26,3,38,41,31,3
26,3,38,43,31,3
26,3,38,44,31,3
26,3,38,45,31,3
26,3,38,46,31,3
26,3,38,47,31,3
23,3,43,43,31,3
23,3,43,44,31,3
23,3,43,45,31,3
23,3,43,46,31,3
23,3,43,47,31,3
23,3,43,49,31,3
23,3,43,50,31,3
23,3,43,51,31,3
23,3,43,52,31,3
23,3,43,53,31,3
24,3,48,50,31,3
24,3,48,51,31,3
24,3,48,52,31,3
24,3,48,53,31,3
24,3,48,55,31,3
24,3,48,56,31,3
24,3,48,57,31,3
24,3,48,58,31,3
28,3,53,55,31,3
28,3,53,56,31,3
29,3,53,57,31,3
29,3,53,58,31,3
29,3,54,0,31,3
29,3,54,1,31,3
29,3,54,2,31,3
29,3,54,3,31,3
29,3,54,4,31,3
31,3,59,0,31,3
31,3,59,1,31,3
31,3,59,2,31,3
31,3,59,3,31,3
31,3,59,4,31,3
31,3,59,6,31,3
31,3,59,7,31,3
31,3,59,8,31,3
31,3,59,9,31,3
28,4,4,6,31,3
28,4,4,7,31,3
28,4,4,8,31,3
28,4,4,9,31,3
28,4,4,11,31,3
28,4,4,12,31,3
28,4,4,13,31,3
28,4,4,14,31,3
28,4,4,15,31,3
23,4,9,11,31,3
23,4,9,12,31,3
23,4,9,13,31,3
23,4,9,14,31,3
23,4,9,15,31,3
23,4,9,18,31,3
23,4,9,19,31,3
23,4,9,20,31,3
23,4,9,21,31,3
24,4,14,17,31,3
24,4,14,18,31,3
24,4,14,19,31,3
24,4,14,20,31,3
24,4,14,23,31,3
25,4,14,24,31,3
25,4,14,25,31,3
25,4,14,26,31,3
25,4,19,22,31,3
25,4,19,23,31,3
25,4,19,24,31,3
25,4,19,25,31,3
25,4,19,26,31,3
25,4,19,28,31,3
25,4,19,29,31,3
25,4,19,30,31,3
25,4,19,31,31,3
25,4,19,32,31,3
26,4,24,30,31,3
26,4,24,31,31,3
26,4,24,32,31,3
26,4,24,34,31,3
26,4,24,35,31,3
26,4,24,36,31,3
26,4,24,37,31,3
26,4,29,34,31,3
26,4,29,35,31,3
26,4,29,36,31,3
26,4,29,37,31,3
26,4,29,39,31,3
26,4,29,40,31,3
26,4,29,41,31,3
26,4,29,42,31,3
26,4,29,43,31,3
25,4,34,39,31,3
25,4,34,40,31,3
25,4,34,41,31,3
26,4,34,42,31,3
26,4,34,43,31,3
28,4,39,45,31,3
28,4,39,46,31,3
28,4,39,47,31,3
28,4,39,48,31,3
28,4,39,51,31,3
28,4,39,52,31,3
28,4,39,53,31,3
28,4,39,54,31,3
27,4,44,50,31,3
27,4,44,51,31,3
27,4,44,52,31,3
27,4,44,53,31,3
27,4,44,54,31,3
27,4,44,56,31,3
27,4,44,57,31,3
27,4,44,58,31,3
27,4,44,59,31,3
27,4,45,0,31,3
27,4,49,56,31,3
27,4,49,57,31,3
27,4,49,58,31,3
27,4,49,59,31,3
27,4,50,0,31,3
27,4,50,2,31,3
27,4,50,3,31,3
27,4,50,4,31,3
27,4,50,5,31,3
25,4,55,2,31,3
25,4,55,3,31,3
25,4,55,4,31,3
25,4,55,5,31,3
25,4,55,7,31,3
25,4,55,8,31,3
25,4,55,9,31,3
25,4,55,10,31,3
25,4,55,11,31,3
27,5,0,7,31,3
27,5,0,8,31,3
27,5,0,9,31,3
27,5,0,10,31,3
27,5,0,11,31,3
27,5,0,13,31,3
27,5,0,14,31,3
27,5,0,15,31,3
27,5,0,16,31,3
27,5,0,17,31,3
27,5,5,14,31,3
27,5,5,15,31,3
27,5,5,16,31,3
27,5,5,17,31,3
27,5,5,19,31,3
27,5,5,20,31,3
27,5,5,21,31,3
27,5,5,22,31,3
24,5,10,19,31,3
24,5,10,20,31,3
24,5,10,21,31,3
24,5,10,22,31,3
24,5,10,24,31,3
24,5,10,25,31,3
24,5,10,26,31,3
24,5,10,27,31,3
24,5,10,28,31,3
24,5,15,24,31,3
24,5,15,25,31,3
24,5,15,26,31,3
24,5,15,27,31,3
24,5,15,28,31,3
24,5,15,31,31,3
24,5,15,32,31,3
24,5,15,33,31,3
24,5,15,34,31,3
24,5,20,30,31,3
24,5,20,31,31,3
24,5,20,32,31,3
24,5,20,34,31,3
24,5,20,35,31,3
24,5,20,36,31,3
24,5,20,37,31,3
24,5,20,38,31,3
24,5,20,39,31,3
26,5,25,35,31,3
26,5,25,36,31,3
26,5,25,37,31,3
26,5,25,38,31,3
26,5,25,39,31,3
26,5,25,42,31,3
24,5,30,42,31,3
24,5,30,43,31,3
24,5,30,44,31,3
24,5,30,45,31,3
24,5,30,47,31,3
24,5,30,48,31,3
24,5,30,49,31,3
24,5,30,50,31,3
25,5,35,47,31,3
25,5,35,48,31,3
25,5,35,49,31,3
25,5,35,50,31,3
25,5,35,52,31,3
25,5,35,53,31,3
25,5,35,54,31,3
25,5,35,55,31,3
25,5,35,56,31,3
24,5,40,52,31,3
24,5,40,53,31,3
24,5,40,54,31,3
25,5,40,55,31,3
25,5,40,56,31,3
25,5,40,59,31,3
25,5,41,0,31,3
25,5,41,1,31,3
25,5,41,2,31,3
24,5,45,59,31,3
24,5,46,0,31,3
24,5,46,1,31,3
24,5,46,2,31,3
24,5,46,3,31,3
24,5,46,4,31,3
24,5,46,5,31,3
24,5,46,6,31,3
24,5,46,7,31,3
26,5,51,3,31,3
26,5,51,4,31,3
26,5,51,5,31,3
26,5,51,6,31,3
26,5,51,7,31,3
26,5,51,12,31,3
26,5,51,13,31,3
28,5,56,9,31,3
28,5,56,10,31,3
28,5,56,11,31,3
28,5,56,12,31,3
28,5,56,13,31,3
28,6,1,16,31,3
28,6,1,17,31,3
28,6,1,18,31,3
28,6,1,19,31,3
29,6,6,16,31,3
29,6,6,17,31,3
29,6,6,18,31,3
29,6,6,19,31,3
29,6,11,20,31,3
29,6,11,21,31,3
29,6,11,22,31,3
29,6,11,23,31,3
29,6,11,24,31,3
28,6,16,20,31,3
28,6,16,21,31,3
28,6,16,22,31,3
28,6,16,23,31,3
28,6,16,24,31,3
29,6,21,27,31,3
29,6,21,28,31,3
29,6,21,29,31,3
29,6,21,30,31,3
29,6,26,26,31,3
29,6,26,27,31,3
29,6,26,28,31,3
29,6,26,29,31,3
29,6,26,30,31,3
31,6,31,33,31,3
31,6,31,34,31,3
31,6,31,35,31,3
31,6,31,36,31,3
31,6,36,33,31,3
31,6,36,34,31,3
31,6,36,35,31,3
31,6,36,36,31,3
30,6,41,37,31,3
30,6,41,38,31,3
30,6,41,39,31,3
30,6,41,40,31,3
30,6,41,41,31,3
29,6,46,37,31,3
29,6,46,38,31,3
29,6,46,39,31,3
29,6,46,40,31,3
29,6,46,41,31,3
29,6,51,44,31,3
29,6,51,45,31,3
29,6,51,46,31,3
29,6,51,47,31,3
31,6,56,43,31,3
31,6,56,44,31,3
31,6,56,45,31,3
31,6,56,46,31,3
31,6,56,47,31,3
30,7,1,48,31,3
30,7,1,49,31,3
30,7,1,50,31,3
30,7,1,51,31,3
30,7,1,52,31,3
30,7,6,50,31,3
30,7,6,51,31,3
30,7,6,52,31,3
30,7,6,53,31,3
29,7,11,55,31,3
29,7,11,56,31,3
29,7,16,54,31,3
29,7,16,55,31,3
29,7,16,56,31,3
29,7,16,57,31,3
29,7,16,58,31,3
30,7,22,1,31,3
30,7,22,2,31,3
30,7,22,3,31,3
30,7,22,4,31,3
30,7,27,0,31,3
30,7,27,1,31,3
30,7,27,2,31,3
30,7,27,3,31,3
30,7,27,4,31,3
29,7,32,5,31,3
29,7,32,7,31,3
29,7,32,8,31,3
29,7,32,9,31,3
29,7,32,10,31,3
31,7,37,7,31,3
31,7,37,8,31,3
31,7,37,9,31,3
31,7,37,10,31,3
33,7,42,11,31,3
33,7,42,12,31,3
33,7,42,13,31,3
33,7,42,14,31,3
33,7,42,15,31,3
34,7,47,11,31,3
34,7,47,12,31,3
34,7,47,13,31,3
34,7,47,14,31,3
34,7,47,15,31,3
33,7,52,18,31,3
33,7,52,19,31,3
33,7,52,20,31,3
33,7,52,21,31,3
35,7,57,18,31,3
35,7,57,19,31,3
35,7,57,20,31,3
35,7,57,21,31,3
34,8,2,23,31,3
34,8,2,24,31,3
34,8,2,25,31,3
34,8,2,26,31,3
34,8,2,27,31,3
32,8,7,24,31,3
32,8,7,25,31,3
33,8,7,26,31,3
33,8,7,27,31,3
33,8,12,28,31,3
33,8,12,29,31,3
33,8,12,30,31,3
33,8,12,31,31,3
33,8,12,32,31,3
34,8,17,28,31,3
34,8,17,29,31,3
34,8,17,30,31,3
34,8,17,31,31,3
34,8,17,32,31,3
33,8,22,35,31,3
33,8,22,36,31,3
33,8,22,37,31,3
33,8,22,38,31,3
33,8,27,35,31,3
33,8,27,36,31,3
33,8,27,37,31,3
33,8,27,38,31,3
33,8,32,39,31,3
33,8,32,40,31,3
33,8,32,41,31,3
33,8,32,42,31,3
33,8,32,43,31,3
34,8,37,41,31,3
34,8,37,42,31,3
34,8,37,43,31,3
34,8,37,44,31,3
33,8,42,46,31,3
33,8,42,47,31,3
33,8,42,48,31,3
33,8,42,49,31,3
29,8,47,45,31,3
29,8,47,46,31,3
29,8,47,47,31,3
29,8,47,48,31,3
29,8,47,49,31,3
30,8,52,52,31,3
30,8,52,53,31,3
30,8,52,54,31,3
30,8,52,55,31,3
30,8,57,52,31,3
30,8,57,53,31,3
30,8,57,54,31,3
30,8,57,55,31,3
31,9,2,56,31,3
31,9,2,57,31,3
31,9,2,58,31,3
31,9,2,59,31,3
31,9,3,0,31,3
29,9,7,57,31,3
29,9,7,58,31,3
29,9,7,59,31,3
29,9,8,0,31,3
29,9,8,1,31,3
29,9,13,3,31,3
29,9,13,4,31,3
29,9,13,5,31,3
29,9,13,6,31,3
29,9,18,2,31,3
29,9,18,3,31,3
29,9,18,4,31,3
29,9,18,5,31,3
29,9,18,6,31,3
30,9,23,8,31,3
30,9,23,9,31,3
30,9,23,10,31,3
30,9,23,11,31,3
30,9,23,12,31,3
28,9,28,9,31,3
28,9,28,10,31,3
28,9,28,11,31,3
28,9,28,12,31,3
25,9,33,14,31,3
25,9,33,15,31,3
25,9,33,16,31,3
25,9,33,17,31,3
25,9,33,18,31,3
29,9,38,14,31,3
29,9,38,15,31,3
29,9,38,16,31,3
29,9,38,17,31,3
29,9,38,18,31,3
29,9,38,20,31,3
29,9,38,21,31,3
29,9,38,22,31,3
29,9,38,23,31,3
30,9,43,20,31,3
30,9,43,21,31,3
30,9,43,22,31,3
30,9,43,23,31,3
30,9,43,25,31,3
30,9,43,26,31,3
30,9,43,27,31,3
29,9,43,28,31,3
29,9,43,29,31,3
29,9,48,26,31,3
29,9,48,27,31,3
29,9,48,28,31,3
29,9,48,29,31,3
29,9,48,30,31,3
29,9,48,31,31,3
29,9,48,32,31,3
29,9,48,33,31,3
29,9,48,34,31,3
30,9,53,31,31,3
30,9,53,32,31,3
30,9,53,33,31,3
30,9,53,34,31,3
30,9,53,35,31,3
31,9,58,37,31,3
31,9,58,38,31,3
31,9,58,39,31,3
31,9,58,40,31,3
31,10,3,37,31,3
31,10,3,38,31,3
31,10,3,39,31,3
31,10,3,40,31,3
31,10,8,42,31,3
31,10,8,43,31,3
31,10,8,44,31,3
31,10,8,45,31,3
31,10,8,46,31,3
32,10,13,43,31,3
32,10,13,44,31,3
32,10,13,45,31,3
32,10,13,46,31,3
31,10,18,48,31,3
31,10,18,49,31,3
31,10,18,50,31,3
31,10,18,51,31,3
31,10,18,52,31,3
29,10,23,48,31,3
29,10,23,49,31,3
29,10,23,50,31,3
29,10,23,51,31,3
29,10,23,52,31,3
31,10,28,54,31,3
31,10,28,55,31,3
31,10,28,56,31,3
31,10,28,57,31,3
30,10,33,54,31,3
30,10,33,55,31,3
30,10,33,56,31,3
30,10,33,57,31,3
31,10,38,59,31,3
31,10,39,0,31,3
31,10,39,1,31,3
31,10,39,2,31,3
31,10,39,3,31,3
32,10,44,0,31,3
32,10,44,1,31,3
32,10,44,2,31,3
32,10,44,3,31,3
29,10,49,5,31,3
29,10,49,6,31,3
29,10,49,7,31,3
29,10,49,8,31,3
29,10,49,9,31,3
28,10,54,5,31,3
28,10,54,6,31,3
28,10,54,7,31,3
28,10,54,8,31,3
28,10,54,9,31,3
28,10,54,11,31,3
28,10,54,12,31,3
28,10,54,13,31,3
28,10,54,14,31,3
28,10,59,11,31,3
28,10,59,12,31,3
28,10,59,13,31,3
28,10,59,14,31,3
31,11,4,16,31,3
31,11,4,17,31,3
31,11,4,18,31,3
31,11,4,19,31,3
31,11,4,20,31,3
24,11,9,16,31,3
24,11,9,17,31,3
24,11,9,18,31,3
24,11,9,19,31,3
24,11,9,20,31,3
24,11,14,23,31,3
24,11,14,24,31,3
24,11,14,25,31,3
24,11,14,26,31,3
25,11,19,22,31,3
25,11,19,23,31,3
25,11,19,24,31,3
25,11,19,25,31,3
25,11,19,26,31,3
30,11,24,28,31,3
30,11,24,29,31,3
30,11,24,30,31,3
30,11,24,31,31,3
28,11,29,29,31,3
28,11,29,30,31,3
28,11,29,31,31,3
28,11,29,32,31,3
27,11,34,33,31,3
27,11,34,34,31,3
27,11,34,35,31,3
27,11,34,36,31,3
27,11,34,37,31,3
27,11,39,34,31,3
27,11,39,35,31,3
27,11,39,36,31,3
27,11,39,37,31,3
26,11,44,40,31,3
26,11,44,41,31,3
26,11,44,42,31,3
26,11,44,43,31,3
25,11,49,39,31,3
25,11,49,40,31,3
25,11,49,41,31,3
25,11,49,42,31,3
25,11,49,43,31,3
26,11,54,45,31,3
26,11,54,46,31,3
26,11,54,47,31,3
26,11,54,48,31,3
25,11,59,46,31,3
25,11,59,47,31,3
25,11,59,48,31,3
25,11,59,49,31,3
24,12,4,50,31,3
24,12,4,51,31,3
24,12,4,52,31,3
24,12,4,53,31,3
24,12,4,54,31,3
23,12,9,51,31,3
23,12,9,52,31,3
23,12,9,53,31,3
23,12,9,54,31,3
22,12,14,57,31,3
22,12,14,58,31,3
22,12,14,59,31,3
22,12,15,0,31,3
27,12,19,56,31,3
27,12,19,57,31,3
27,12,19,58,31,3
28,12,19,59,31,3
28,12,20,0,31,3
26,12,25,1,31,3
26,12,25,2,31,3
26,12,25,3,31,3
26,12,25,4,31,3
26,12,25,5,31,3
25,12,30,2,31,3
25,12,30,4,31,3
25,12,30,5,31,3
25,12,30,6,31,3
24,12,35,7,31,3
24,12,35,8,31,3
24,12,35,9,31,3
24,12,35,10,31,3
24,12,35,11,31,3
25,12,40,8,31,3
25,12,40,9,31,3
25,12,40,10,31,3
25,12,40,11,31,3
26,12,45,14,31,3
26,12,45,15,31,3
26,12,45,16,31,3
26,12,45,17,31,3
24,12,50,13,31,3
24,12,50,14,31,3
24,12,50,15,31,3
24,12,50,16,31,3
24,12,50,17,31,3
23,12,55,19,31,3
23,12,55,20,31,3
23,12,55,21,31,3
23,12,55,22,31,3
24,13,0,20,31,3
24,13,0,21,31,3
24,13,0,22,31,3
24,13,0,23,31,3
26,13,5,24,31,3
25,13,5,25,31,3
25,13,5,26,31,3
25,13,5,27,31,3
25,13,5,28,31,3
26,13,10,24,31,3
26,13,10,25,31,3
26,13,10,26,31,3
26,13,10,27,31,3
26,13,10,28,31,3
28,13,20,30,31,3
28,13,20,31,31,3
28,13,20,32,31,3
28,13,20,33,31,3
28,13,20,34,31,3
28,13,25,37,31,3
28,13,25,38,31,3
28,13,25,39,31,3
28,13,25,40,31,3
28,13,30,37,31,3
28,13,30,38,31,3
28,13,30,39,31,3
28,13,30,40,31,3
27,13,35,41,31,3
27,13,35,42,31,3
27,13,35,43,31,3
27,13,35,44,31,3
27,13,35,45,31,3
26,13,40,42,31,3
26,13,40,43,31,3
26,13,40,44,31,3
26,13,40,45,31,3
27,13,45,48,31,3
27,13,45,49,31,3
27,13,45,50,31,3
27,13,45,51,31,3
28,13,50,47,31,3
28,13,50,48,31,3
28,13,50,49,31,3
28,13,50,50,31,3
28,13,50,51,31,3
28,13,55,53,31,3
28,13,55,54,31,3
28,13,55,55,31,3
28,13,55,56,31,3
29,14,0,54,31,3
29,14,0,55,31,3
29,14,0,56,31,3
29,14,0,57,31,3
29,14,5,58,31,3
29,14,5,59,31,3
29,14,6,0,31,3
29,14,6,1,31,3
29,14,6,2,31,3
29,14,11,0,31,3
29,14,11,1,31,3
29,14,11,2,31,3
29,14,11,3,31,3
27,14,16,5,31,3
27,14,16,6,31,3
27,14,16,7,31,3
27,14,16,8,31,3
28,14,21,4,31,3
28,14,21,5,31,3
28,14,21,6,31,3
28,14,21,7,31,3
28,14,21,8,31,3
25,14,26,9,31,3
25,14,26,10,31,3
25,14,26,11,31,3
25,14,26,12,31,3
25,14,26,13,31,3
25,14,31,11,31,3
25,14,31,12,31,3
25,14,31,13,31,3
25,14,31,14,31,3
25,14,36,15,31,3
25,14,36,16,31,3
25,14,36,17,31,3
24,14,36,18,31,3
24,14,36,19,31,3
25,14,41,15,31,3
25,14,41,16,31,3
25,14,41,17,31,3
25,14,41,18,31,3
25,14,41,19,31,3
23,14,46,22,31,3
23,14,46,23,31,3
23,14,46,24,31,3
23,14,46,25,31,3
24,14,51,22,31,3
24,14,51,23,31,3
24,14,51,24,31,3
24,14,51,25,31,3
25,14,56,26,31,3
25,14,56,27,31,3
25,14,56,28,31,3
25,14,56,29,31,3
25,14,56,30,31,3
23,15,1,28,31,3
23,15,1,29,31,3
23,15,1,30,31,3
23,15,1,31,31,3
22,15,6,33,31,3
22,15,6,34,31,3
22,15,6,35,31,3
22,15,6,36,31,3
21,15,11,33,31,3
21,15,11,34,31,3
21,15,11,35,31,3
21,15,11,36,31,3
21,15,11,37,31,3
21,15,16,39,31,3
21,15,16,40,31,3
21,15,16,41,31,3
21,15,16,42,31,3
22,15,21,38,31,3
22,15,21,39,31,3
22,15,21,40,31,3
22,15,21,41,31,3
22,15,21,42,31,3
23,15,26,43,31,3
23,15,26,44,31,3
23,15,26,45,31,3
23,15,26,46,31,3
23,15,26,47,31,3
22,15,31,45,31,3
22,15,31,46,31,3
22,15,31,47,31,3
22,15,31,48,31,3
22,15,36,50,31,3
22,15,36,51,31,3
22,15,36,52,31,3
22,15,36,53,31,3
21,15,41,51,31,3
21,15,41,52,31,3
21,15,41,53,31,3
21,15,41,54,31,3
23,15,46,55,31,3
23,15,46,56,31,3
23,15,46,57,31,3
23,15,46,58,31,3
23,15,46,59,31,3
22,15,51,55,31,3
22,15,51,56,31,3
22,15,51,57,31,3
22,15,51,58,31,3
22,15,51,59,31,3
23,15,57,1,31,3
23,15,57,2,31,3
23,15,57,3,31,3
23,15,57,4,31,3
22,16,2,1,31,3
22,16,2,2,31,3
22,16,2,3,31,3
22,16,2,4,31,3
22,16,2,5,31,3
22,16,7,7,31,3
22,16,7,8,31,3
22,16,7,9,31,3
22,16,7,10,31,3
22,16,12,8,31,3
22,16,12,9,31,3
22,16,12,10,31,3
22,16,12,11,31,3
24,16,17,11,31,3
24,16,17,12,31,3
24,16,17,13,31,3
24,16,17,14,31,3
24,16,17,15,31,3
26,16,22,13,31,3
26,16,22,14,31,3
26,16,22,15,31,3
26,16,22,16,31,3
26,16,22,17,31,3
24,16,27,18,31,3
24,16,27,19,31,3
24,16,27,20,31,3
24,16,27,21,31,3
27,16,32,19,31,3
27,16,32,20,31,3
26,16,32,21,31,3
27,16,32,22,31,3
27,16,37,23,31,3
27,16,37,24,31,3
27,16,37,25,31,3
27,16,37,26,31,3
27,16,37,27,31,3
27,16,42,25,31,3
27,16,42,26,31,3
27,16,42,27,31,3
27,16,42,28,31,3
28,16,47,28,31,3
27,16,47,29,31,3
27,16,47,30,31,3
27,16,47,31,31,3
27,16,47,32,31,3
27,16,52,30,31,3
26,16,52,31,31,3
26,16,52,32,31,3
26,16,52,33,31,3
26,16,52,34,31,3
28,16,57,35,31,3
28,16,57,36,31,3
28,16,57,37,31,3
28,16,57,38,31,3
30,17,2,35,31,3
30,17,2,36,31,3
30,17,2,37,31,3
30,17,2,38,31,3
30,17,2,39,31,3
31,17,7,40,31,3
31,17,7,41,31,3
31,17,7,42,31,3
31,17,7,43,31,3
31,17,7,44,31,3
31,17,12,42,31,3
31,17,12,43,31,3
31,17,12,44,31,3
31,17,12,45,31,3
30,17,17,45,31,3
30,17,17,46,31,3
30,17,17,47,31,3
30,17,17,48,31,3
29,17,17,49,31,3
30,17,22,48,31,3
30,17,22,49,31,3
30,17,22,50,31,3
30,17,22,51,31,3
30,17,27,52,31,3
30,17,27,53,31,3
30,17,27,54,31,3
30,17,27,55,31,3
28,17,32,52,31,3
28,17,32,53,31,3
28,17,32,54,31,3
28,17,32,55,31,3
28,17,32,56,31,3
28,17,37,57,31,3
28,17,37,58,31,3
28,17,37,59,31,3
28,17,38,0,31,3
28,17,38,1,31,3
26,17,42,59,31,3
27,17,43,0,31,3
27,17,43,1,31,3
27,17,43,2,31,3
30,17,48,3,31,3
30,17,48,4,31,3
30,17,48,5,31,3
30,17,48,6,31,3
30,17,48,7,31,3
30,17,53,4,31,3
30,17,53,5,31,3
29,17,53,6,31,3
29,17,53,7,31,3
29,17,53,8,31,3
30,17,58,9,31,3
30,17,58,10,31,3
30,17,58,11,31,3
30,17,58,12,31,3
30,18,3,10,31,3
30,18,3,11,31,3
30,18,3,12,31,3
30,18,3,13,31,3
30,18,3,14,31,3
31,18,8,14,31,3
31,18,8,15,31,3
31,18,8,16,31,3
31,18,8,17,31,3
31,18,8,18,31,3
31,18,13,16,31,3
31,18,13,17,31,3
31,18,13,18,31,3
31,18,13,19,31,3
31,18,18,20,31,3
31,18,18,21,31,3
31,18,18,22,31,3
31,18,18,23,31,3
31,18,18,24,31,3
30,18,23,21,31,3
30,18,23,22,31,3
30,18,23,23,31,3
30,18,23,24,31,3
30,18,23,25,31,3
30,18,28,26,31,3
30,18,28,27,31,3
30,18,28,28,31,3
30,18,28,29,31,3
31,18,33,27,31,3
31,18,33,28,31,3
31,18,33,29,31,3
31,18,33,30,31,3
31,18,33,31,31,3
30,18,38,31,31,3
30,18,38,32,31,3
30,18,38,33,31,3
30,18,38,34,31,3
30,18,38,35,31,3
32,18,43,33,31,3
32,18,43,34,31,3
32,18,43,35,31,3
33,18,43,36,31,3
34,18,48,37,31,3
34,18,48,38,31,3
34,18,48,39,31,3
34,18,48,40,31,3
34,18,48,41,31,3
31,18,53,39,31,3
31,18,53,40,31,3
31,18,53,41,31,3
31,18,53,42,31,3
29,18,58,43,31,3
29,18,58,44,31,3
29,18,58,45,31,3
29,18,58,46,31,3
28,19,3,44,31,3
28,19,3,45,31,3
28,19,3,46,31,3
28,19,3,47,31,3
28,19,3,48,31,3
27,19,8,48,31,3
27,19,8,49,31,3
27,19,8,50,31,3
27,19,8,51,31,3
27,19,8,52,31,3
27,19,13,50,31,3
27,19,13,51,31,3
27,19,13,52,31,3
27,19,13,53,31,3
27,19,13,54,31,3
29,19,18,54,31,3
29,19,18,55,31,3
29,19,18,56,31,3
29,19,18,57,31,3
29,19,18,58,31,3
28,19,23,56,31,3
28,19,23,57,31,3
28,19,23,58,31,3
28,19,23,59,31,3
28,19,29,0,31,3
28,19,29,1,31,3
28,19,29,2,31,3
28,19,29,3,31,3
29,19,34,2,31,3
29,19,34,3,31,3
29,19,34,4,31,3
29,19,34,5,31,3
29,19,39,5,31,3
29,19,39,6,31,3
29,19,39,7,31,3
29,19,39,8,31,3
29,19,39,9,31,3
30,19,44,7,31,3
30,19,44,8,31,3
30,19,44,9,31,3
30,19,44,10,31,3
30,19,44,11,31,3
33,19,49,11,31,3
33,19,49,12,31,3
33,19,49,13,31,3
33,19,49,14,31,3
33,19,49,15,31,3
33,19,54,13,31,3
33,19,54,14,31,3
33,19,54,15,31,3
33,19,54,16,31,3
34,19,59,18,31,3
34,19,59,19,31,3
34,19,59,20,31,3
34,19,59,21,31,3
33,20,4,18,31,3
33,20,4,19,31,3
33,20,4,20,31,3
33,20,4,21,31,3
33,20,4,22,31,3
29,20,9,22,31,3
29,20,9,23,31,3
29,20,9,24,31,3
29,20,9,25,31,3
29,20,9,26,31,3
30,20,14,25,31,3
30,20,14,26,31,3
30,20,14,27,31,3
30,20,14,28,31,3
30,20,19,28,31,3
30,20,19,29,31,3
30,20,19,30,31,3
30,20,19,31,31,3
30,20,19,32,31,3
30,20,24,30,31,3
30,20,24,31,31,3
30,20,24,32,31,3
30,20,24,33,31,3
29,20,29,34,31,3
29,20,29,35,31,3
29,20,29,36,31,3
29,20,29,37,31,3
30,20,34,35,31,3
30,20,34,36,31,3
30,20,34,37,31,3
30,20,34,38,31,3
30,20,34,39,31,3
29,20,39,40,31,3
29,20,39,41,31,3
29,20,39,42,31,3
29,20,39,43,31,3
30,20,44,42,31,3
30,20,44,43,31,3
30,20,44,44,31,3
30,20,44,45,31,3
30,20,49,45,31,3
30,20,49,46,31,3
30,20,49,47,31,3
30,20,49,48,31,3
30,20,49,49,31,3
30,20,54,47,31,3
30,20,54,48,31,3
30,20,54,49,31,3
30,20,54,50,31,3
30,20,59,52,31,3
30,20,59,53,31,3
30,20,59,54,31,3
30,20,59,55,31,3
29,21,4,52,31,3
29,21,4,53,31,3
29,21,4,54,31,3
29,21,4,55,31,3
29,21,4,56,31,3
29,21,9,57,31,3
29,21,9,58,31,3
29,21,9,59,31,3
29,21,10,0,31,3
29,21,14,59,31,3
29,21,15,0,31,3
29,21,15,1,31,3
29,21,15,2,31,3
29,21,20,2,31,3
29,21,20,3,31,3
29,21,20,4,31,3
29,21,20,5,31,3
29,21,20,6,31,3
27,21,25,3,31,3
27,21,25,4,31,3
27,21,25,5,31,3
27,21,25,6,31,3
27,21,25,7,31,3
26,21,30,9,31,3
26,21,30,10,31,3
26,21,30,11,31,3
26,21,30,12,31,3
26,21,35,9,31,3
26,21,35,10,31,3
26,21,35,11,31,3
26,21,35,12,31,3
26,21,35,13,31,3
27,21,40,14,31,3
27,21,40,15,31,3
27,21,40,16,31,3
27,21,40,17,31,3
27,21,45,16,31,3
27,21,45,17,31,3
27,21,45,18,31,3
27,21,45,19,31,3
26,21,50,19,31,3
26,21,50,20,31,3
26,21,50,21,31,3
26,21,50,22,31,3
26,21,50,23,31,3
26,21,55,21,31,3
26,21,55,22,31,3
26,21,55,23,31,3
26,21,55,24,31,3
26,22,0,25,31,3
26,22,0,26,31,3
26,22,0,27,31,3
26,22,0,28,31,3
26,22,0,29,31,3
25,22,5,26,31,3
25,22,5,27,31,3
25,22,5,28,31,3
25,22,5,29,31,3
25,22,5,30,31,3
25,22,10,32,31,3
25,22,10,33,31,3
25,22,10,34,31,3
25,22,10,35,31,3
26,22,15,33,31,3
26,22,15,34,31,3
26,22,15,35,31,3
26,22,15,36,31,3
29,22,20,36,31,3
29,22,20,37,31,3
29,22,20,38,31,3
29,22,20,39,31,3
29,22,20,40,31,3
29,22,25,39,31,3
29,22,25,40,31,3
29,22,25,41,31,3
29,22,25,42,31,3
29,22,30,42,31,3
29,22,30,43,31,3
29,22,30,44,31,3
29,22,30,45,31,3
29,22,30,46,31,3
28,22,35,43,31,3
28,22,35,44,31,3
28,22,35,45,31,3
28,22,35,46,31,3
28,22,35,47,31,3
30,22,40,49,31,3
30,22,40,50,31,3
30,22,40,51,31,3
30,22,40,52,31,3
29,22,45,52,31,3
29,22,45,53,31,3
32,22,50,55,31,3
32,22,50,56,31,3
32,22,50,57,31,3
32,22,50,58,31,3
28,22,55,56,31,3
28,22,55,57,31,3
28,22,55,58,31,3
28,22,55,59,31,3
27,23,0,59,31,3
27,23,1,0,31,3
27,23,1,1,31,3
27,23,1,2,31,3
27,23,1,3,31,3
29,23,6,0,31,3
29,23,6,1,31,3
29,23,6,2,31,3
29,23,6,3,31,3
29,23,6,4,31,3
27,23,11,6,31,3
27,23,11,7,31,3
27,23,11,8,31,3
27,23,11,9,31,3
22,23,16,7,31,3
22,23,16,8,31,3
24,23,21,12,31,3
24,23,21,13,31,3
24,23,21,14,31,3
24,23,21,15,31,3
27,23,26,13,31,3
27,23,26,14,31,3
27,23,26,15,31,3
27,23,26,16,31,3
27,23,31,16,31,3
27,23,31,17,31,3
27,23,31,18,31,3
27,23,31,19,31,3
27,23,31,20,31,3
28,23,36,17,31,3
28,23,36,18,31,3
28,23,36,19,31,3
28,23,36,20,31,3
28,23,36,21,31,3
27,23,41,23,31,3
27,23,41,24,31,3
27,23,41,25,31,3
27,23,41,26,31,3
28,23,46,23,31,3
28,23,46,24,31,3
28,23,46,25,31,3
28,23,46,26,31,3
28,23,46,27,31,3
29,23,51,29,31,3
29,23,51,30,31,3
29,23,51,31,31,3
29,23,51,32,31,3
28,23,56,30,31,3
28,23,56,31,31,3
28,23,56,32,31,3
28,23,56,33,31,3
27,0,1,33,1,4
27,0,1,35,1,4
27,0,1,36,1,4
27,0,1,37,1,4
27,0,1,38,1,4
28,0,6,36,1,4
28,0,6,37,1,4
28,0,6,38,1,4
28,0,6,39,1,4
30,0,16,40,1,4
29,0,16,41,1,4
29,0,16,42,1,4
29,0,16,43,1,4
29,0,16,44,1,4
28,0,21,46,1,4
28,0,21,47,1,4
28,0,21,48,1,4
28,0,21,49,1,4
28,0,26,47,1,4
28,0,26,48,1,4
28,0,26,49,1,4
28,0,26,50,1,4
29,0,31,50,1,4
29,0,31,52,1,4
29,0,31,53,1,4
29,0,31,54,1,4
29,0,31,55,1,4
26,0,36,52,1,4
26,0,36,53,1,4
26,0,36,54,1,4
26,0,36,55,1,4
26,0,36,56,1,4
24,0,41,57,1,4
24,0,41,58,1,4
24,0,41,59,1,4
24,0,42,0,1,4
23,0,46,57,1,4
23,0,46,58,1,4
23,0,46,59,1,4
23,0,47,0,1,4
23,0,47,1,1,4
22,0,52,3,1,4
22,0,52,4,1,4
22,0,52,5,1,4
22,0,52,6,1,4
