16,8,34,27,27,3
15,8,34,28,27,3
16,8,34,29,27,3
16,8,34,30,27,3
15,8,34,31,27,3
15,8,34,32,27,3
15,8,34,33,27,3
15,8,34,34,27,3
15,8,34,35,27,3
15,8,39,36,27,3
15,8,39,37,27,3
15,8,39,38,27,3
15,8,39,39,27,3
15,8,39,40,27,3
15,8,39,41,27,3
15,8,39,42,27,3
15,8,39,43,27,3
15,8,39,44,27,3
15,8,39,45,27,3
15,8,44,48,27,3
15,8,44,49,27,3
15,8,44,50,27,3
15,8,44,51,27,3
15,8,44,52,27,3
15,8,44,53,27,3
15,8,44,54,27,3
15,8,44,55,27,3
15,8,44,56,27,3
15,8,49,58,27,3
15,8,49,59,27,3
15,8,50,0,27,3
15,8,50,1,27,3
15,8,50,2,27,3
15,8,50,3,27,3
15,8,50,4,27,3
15,8,50,5,27,3
15,8,50,6,27,3
15,8,50,7,27,3
15,8,55,8,27,3
15,8,55,9,27,3
15,8,55,10,27,3
15,8,55,11,27,3
15,8,55,12,27,3
15,8,55,13,27,3
15,8,55,14,27,3
15,8,55,15,27,3
15,8,55,16,27,3
15,8,55,17,27,3
14,9,0,25,27,3
14,9,0,26,27,3
14,9,0,27,27,3
14,9,0,28,27,3
15,9,5,31,27,3
15,9,5,32,27,3
15,9,5,33,27,3
15,9,5,34,27,3
15,9,5,35,27,3
15,9,5,36,27,3
15,9,5,37,27,3
15,9,5,38,27,3
15,9,5,39,27,3
15,9,10,40,27,3
15,9,10,41,27,3
15,9,10,42,27,3
15,9,10,43,27,3
15,9,10,44,27,3
15,9,10,45,27,3
15,9,10,46,27,3
15,9,10,47,27,3
15,9,10,48,27,3
15,9,10,49,27,3
15,9,15,52,27,3
15,9,15,53,27,3
15,9,15,54,27,3
15,9,15,55,27,3
15,9,15,56,27,3
15,9,15,57,27,3
16,9,21,3,27,3
16,9,21,4,27,3
16,9,21,5,27,3
16,9,21,6,27,3
16,9,21,7,27,3
16,9,21,8,27,3
16,9,21,9,27,3
16,9,21,10,27,3
16,9,21,11,27,3
16,9,26,12,27,3
16,9,26,13,27,3
16,9,26,14,27,3
16,9,26,15,27,3
16,9,26,16,27,3
16,9,26,17,27,3
16,9,26,18,27,3
16,9,26,19,27,3
16,9,26,20,27,3
16,9,26,21,27,3
16,9,31,24,27,3
16,9,31,25,27,3
16,9,31,26,27,3
16,9,31,27,27,3
16,9,31,28,27,3
16,9,31,29,27,3
16,9,31,30,27,3
16,9,31,31,27,3
16,9,31,32,27,3
16,9,36,35,27,3
16,9,36,36,27,3
16,9,36,37,27,3
16,9,36,38,27,3
16,9,36,39,27,3
16,9,36,40,27,3
16,9,36,41,27,3
16,9,36,42,27,3
16,9,36,43,27,3
17,9,41,44,27,3
17,9,41,45,27,3
17,9,41,46,27,3
17,9,41,47,27,3
17,9,41,48,27,3
17,9,41,49,27,3
17,9,41,50,27,3
17,9,41,51,27,3
17,9,41,52,27,3
17,9,41,53,27,3
17,9,46,56,27,3
17,9,46,57,27,3
17,9,46,58,27,3
17,9,46,59,27,3
17,9,47,0,27,3
17,9,47,1,27,3
17,9,47,2,27,3
17,9,47,3,27,3
17,9,47,4,27,3
18,9,52,7,27,3
18,9,52,8,27,3
18,9,52,9,27,3
18,9,52,10,27,3
18,9,52,11,27,3
18,9,52,12,27,3
18,9,52,13,27,3
18,9,52,14,27,3
18,9,52,15,27,3
17,9,57,16,27,3
17,9,57,17,27,3
17,9,57,18,27,3
17,9,57,19,27,3
17,9,57,20,27,3
17,9,57,21,27,3
17,9,57,22,27,3
17,9,57,23,27,3
17,9,57,24,27,3
17,9,57,25,27,3
17,10,2,28,27,3
17,10,2,29,27,3
17,10,2,30,27,3
17,10,2,31,27,3
17,10,2,32,27,3
17,10,2,33,27,3
17,10,2,34,27,3
17,10,2,35,27,3
17,10,2,36,27,3
18,10,7,37,27,3
18,10,7,39,27,3
18,10,7,40,27,3
18,10,7,41,27,3
18,10,7,42,27,3
18,10,7,43,27,3
18,10,7,44,27,3
18,10,7,45,27,3
18,10,7,46,27,3
18,10,7,47,27,3
17,10,12,49,27,3
17,10,12,50,27,3
17,10,12,51,27,3
17,10,12,52,27,3
17,10,12,53,27,3
18,10,18,0,27,3
18,10,18,1,27,3
18,10,18,2,27,3
18,10,18,3,27,3
18,10,18,4,27,3
18,10,18,5,27,3
18,10,18,6,27,3
18,10,18,7,27,3
18,10,18,8,27,3
17,10,23,9,27,3
17,10,23,10,27,3
17,10,23,11,27,3
17,10,23,12,27,3
17,10,23,13,27,3
17,10,23,14,27,3
17,10,23,15,27,3
17,10,23,16,27,3
17,10,23,17,27,3
17,10,23,18,27,3
18,10,28,21,27,3
18,10,28,22,27,3
18,10,28,23,27,3
18,10,28,24,27,3
18,10,28,25,27,3
18,10,28,26,27,3
18,10,28,27,27,3
18,10,28,28,27,3
18,10,28,29,27,3
17,10,33,31,27,3
17,10,33,32,27,3
17,10,33,33,27,3
17,10,33,34,27,3
17,10,33,35,27,3
17,10,33,36,27,3
17,10,33,37,27,3
17,10,33,38,27,3
17,10,33,39,27,3
17,10,33,40,27,3
16,10,38,45,27,3
16,10,38,46,27,3
16,10,38,47,27,3
16,10,38,48,27,3
16,10,38,49,27,3
16,10,38,50,27,3
16,10,43,53,27,3
16,10,43,54,27,3
16,10,43,55,27,3
16,10,43,56,27,3
16,10,43,57,27,3
16,10,43,58,27,3
16,10,43,59,27,3
16,10,44,0,27,3
16,10,44,1,27,3
17,10,49,3,27,3
17,10,49,4,27,3
17,10,49,5,27,3
17,10,49,6,27,3
17,10,49,7,27,3
17,10,49,8,27,3
17,10,49,9,27,3
17,10,49,10,27,3
17,10,49,11,27,3
17,10,49,12,27,3
16,10,54,17,27,3
16,10,54,18,27,3
16,10,54,19,27,3
16,10,54,20,27,3
16,10,54,21,27,3
16,10,54,22,27,3
17,10,59,25,27,3
17,10,59,26,27,3
17,10,59,27,27,3
17,10,59,28,27,3
17,10,59,29,27,3
17,10,59,30,27,3
17,10,59,31,27,3
17,10,59,32,27,3
17,10,59,33,27,3
16,11,4,35,27,3
16,11,4,36,27,3
16,11,4,37,27,3
16,11,4,38,27,3
16,11,4,39,27,3
16,11,4,40,27,3
16,11,4,41,27,3
16,11,4,42,27,3
16,11,4,43,27,3
16,11,4,44,27,3
17,11,9,49,27,3
17,11,9,50,27,3
17,11,9,51,27,3
17,11,9,52,27,3
17,11,9,53,27,3
17,11,9,54,27,3
17,11,14,57,27,3
17,11,14,58,27,3
17,11,14,59,27,3
17,11,15,0,27,3
17,11,15,1,27,3
17,11,15,2,27,3
17,11,15,3,27,3
17,11,15,4,27,3
17,11,15,5,27,3
17,11,20,7,27,3
17,11,20,8,27,3
17,11,20,9,27,3
17,11,20,10,27,3
17,11,20,11,27,3
17,11,20,12,27,3
17,11,20,13,27,3
17,11,20,14,27,3
17,11,20,15,27,3
17,11,20,16,27,3
17,11,25,18,27,3
18,11,25,19,27,3
18,11,25,20,27,3
17,11,25,21,27,3
17,11,25,22,27,3
17,11,25,23,27,3
17,11,25,24,27,3
17,11,25,25,27,3
17,11,25,26,27,3
17,11,30,28,27,3
17,11,30,29,27,3
17,11,30,30,27,3
17,11,30,31,27,3
17,11,30,32,27,3
17,11,30,33,27,3
17,11,30,34,27,3
17,11,30,35,27,3
17,11,30,36,27,3
17,11,30,37,27,3
17,11,35,38,27,3
17,11,35,39,27,3
17,11,35,40,27,3
17,11,35,41,27,3
17,11,35,42,27,3
17,11,35,44,27,3
17,11,35,45,27,3
17,11,35,46,27,3
17,11,35,47,27,3
17,11,35,48,27,3
18,11,40,50,27,3
18,11,40,51,27,3
18,11,40,52,27,3
18,11,40,53,27,3
18,11,40,54,27,3
18,11,40,55,27,3
18,11,40,56,27,3
18,11,40,57,27,3
18,11,40,58,27,3
18,11,46,0,27,3
18,11,46,1,27,3
18,11,46,2,27,3
18,11,46,3,27,3
18,11,46,4,27,3
18,11,46,5,27,3
18,11,46,6,27,3
18,11,46,7,27,3
18,11,46,8,27,3
18,11,46,9,27,3
21,11,51,11,27,3
21,11,51,12,27,3
21,11,51,13,27,3
21,11,51,14,27,3
22,11,51,15,27,3
22,11,51,16,27,3
22,11,51,17,27,3
22,11,51,18,27,3
22,11,51,19,27,3
19,11,56,21,27,3
19,11,56,22,27,3
19,11,56,23,27,3
19,11,56,24,27,3
19,11,56,25,27,3
19,11,56,26,27,3
19,11,56,27,27,3
19,11,56,28,27,3
19,11,56,29,27,3
19,11,56,30,27,3
19,12,1,32,27,3
19,12,1,33,27,3
19,12,1,34,27,3
19,12,1,35,27,3
19,12,1,36,27,3
19,12,1,37,27,3
19,12,1,38,27,3
19,12,1,39,27,3
19,12,1,40,27,3
19,12,1,41,27,3
19,12,6,43,27,3
19,12,6,44,27,3
19,12,6,45,27,3
19,12,6,46,27,3
19,12,6,47,27,3
19,12,6,48,27,3
19,12,6,49,27,3
19,12,6,50,27,3
19,12,6,51,27,3
20,12,11,53,27,3
20,12,11,54,27,3
20,12,11,55,27,3
20,12,11,56,27,3
20,12,11,57,27,3
20,12,11,58,27,3
20,12,11,59,27,3
20,12,12,0,27,3
20,12,12,1,27,3
20,12,12,2,27,3
19,12,17,4,27,3
19,12,17,5,27,3
19,12,17,6,27,3
19,12,17,7,27,3
19,12,17,8,27,3
19,12,17,9,27,3
19,12,17,10,27,3
19,12,17,11,27,3
19,12,17,12,27,3
18,12,22,15,27,3
18,12,22,16,27,3
18,12,22,17,27,3
18,12,22,18,27,3
18,12,22,19,27,3
18,12,22,20,27,3
18,12,22,21,27,3
18,12,22,22,27,3
18,12,22,23,27,3
18,12,27,25,27,3
18,12,27,26,27,3
18,12,27,27,27,3
18,12,27,28,27,3
18,12,27,29,27,3
18,12,27,30,27,3
18,12,27,31,27,3
18,12,27,32,27,3
18,12,27,33,27,3
18,12,27,34,27,3
18,12,32,36,27,3
18,12,32,37,27,3
18,12,32,38,27,3
18,12,32,39,27,3
18,12,32,40,27,3
18,12,32,41,27,3
18,12,32,42,27,3
18,12,32,43,27,3
18,12,32,44,27,3
17,12,37,46,27,3
17,12,37,47,27,3
17,12,37,48,27,3
17,12,37,49,27,3
17,12,37,50,27,3
17,12,37,51,27,3
17,12,37,52,27,3
17,12,37,53,27,3
17,12,37,54,27,3
17,12,37,55,27,3
16,12,42,57,27,3
16,12,42,58,27,3
16,12,42,59,27,3
16,12,43,0,27,3
16,12,43,1,27,3
16,12,43,2,27,3
16,12,43,3,27,3
16,12,43,4,27,3
16,12,43,5,27,3
16,12,43,6,27,3
16,12,48,8,27,3
16,12,48,9,27,3
16,12,48,10,27,3
16,12,48,11,27,3
16,12,48,12,27,3
16,12,48,13,27,3
16,12,48,14,27,3
16,12,48,15,27,3
16,12,48,16,27,3
16,12,53,18,27,3
16,12,53,19,27,3
16,12,53,20,27,3
16,12,53,21,27,3
16,12,53,22,27,3
16,12,53,23,27,3
16,12,53,24,27,3
16,12,53,25,27,3
16,12,53,26,27,3
16,12,53,27,27,3
16,12,58,29,27,3
16,12,58,30,27,3
16,12,58,31,27,3
16,12,58,32,27,3
16,12,58,33,27,3
16,12,58,34,27,3
16,12,58,35,27,3
16,12,58,36,27,3
16,12,58,37,27,3
16,13,3,40,27,3
16,13,3,41,27,3
16,13,3,42,27,3
16,13,3,43,27,3
16,13,3,44,27,3
16,13,3,45,27,3
16,13,3,46,27,3
16,13,3,47,27,3
16,13,3,48,27,3
15,13,8,50,27,3
15,13,8,51,27,3
15,13,8,52,27,3
15,13,8,53,27,3
15,13,8,54,27,3
15,13,8,55,27,3
15,13,8,56,27,3
15,13,8,57,27,3
15,13,8,58,27,3
15,13,8,59,27,3
16,13,14,1,27,3
16,13,14,2,27,3
16,13,14,3,27,3
16,13,14,4,27,3
16,13,14,5,27,3
16,13,14,7,27,3
16,13,14,8,27,3
16,13,14,9,27,3
16,13,14,10,27,3
15,13,19,12,27,3
15,13,19,13,27,3
15,13,19,14,27,3
15,13,19,15,27,3
15,13,19,16,27,3
15,13,19,17,27,3
15,13,19,18,27,3
15,13,19,19,27,3
15,13,19,20,27,3
15,13,24,22,27,3
15,13,24,23,27,3
15,13,24,24,27,3
15,13,24,25,27,3
15,13,24,26,27,3
15,13,24,27,27,3
15,13,24,28,27,3
15,13,24,29,27,3
15,13,24,30,27,3
15,13,24,31,27,3
15,13,29,33,27,3
15,13,29,34,27,3
15,13,29,35,27,3
15,13,29,37,27,3
15,13,29,38,27,3
15,13,29,39,27,3
15,13,29,40,27,3
15,13,29,41,27,3
15,13,29,42,27,3
15,13,34,44,27,3
15,13,34,45,27,3
15,13,34,46,27,3
15,13,34,47,27,3
15,13,34,48,27,3
15,13,34,49,27,3
15,13,34,50,27,3
14,13,34,51,27,3
14,13,34,52,27,3
14,13,39,54,27,3
14,13,39,55,27,3
15,13,39,56,27,3
15,13,39,57,27,3
15,13,39,58,27,3
15,13,39,59,27,3
15,13,40,0,27,3
15,13,40,1,27,3
15,13,40,2,27,3
15,13,40,3,27,3
15,13,45,5,27,3
15,13,45,6,27,3
15,13,45,7,27,3
15,13,45,8,27,3
15,13,45,9,27,3
15,13,45,10,27,3
15,13,45,11,27,3
15,13,45,12,27,3
15,13,45,13,27,3
16,13,50,15,27,3
16,13,50,16,27,3
16,13,50,17,27,3
16,13,50,18,27,3
16,13,50,19,27,3
16,13,50,20,27,3
16,13,50,21,27,3
16,13,50,22,27,3
16,13,50,23,27,3
16,13,50,24,27,3
15,13,55,26,27,3
15,13,55,27,27,3
15,13,55,28,27,3
15,13,55,29,27,3
15,13,55,30,27,3
15,13,55,31,27,3
15,13,55,32,27,3
15,13,55,33,27,3
15,13,55,34,27,3
15,13,55,35,27,3
15,14,0,37,27,3
15,14,0,38,27,3
15,14,0,39,27,3
15,14,0,40,27,3
15,14,0,41,27,3
15,14,0,42,27,3
15,14,0,43,27,3
15,14,0,44,27,3
15,14,0,46,27,3
15,14,5,47,27,3
15,14,5,48,27,3
15,14,5,49,27,3
15,14,5,50,27,3
15,14,5,51,27,3
15,14,5,52,27,3
15,14,5,53,27,3
15,14,5,54,27,3
15,14,5,55,27,3
15,14,5,56,27,3
15,14,10,58,27,3
15,14,10,59,27,3
15,14,11,0,27,3
15,14,11,1,27,3
15,14,11,2,27,3
15,14,11,3,27,3
15,14,11,4,27,3
15,14,11,5,27,3
15,14,11,6,27,3
15,14,11,7,27,3
15,14,16,9,27,3
15,14,16,10,27,3
15,14,16,11,27,3
15,14,16,12,27,3
15,14,16,13,27,3
14,14,16,14,27,3
14,14,16,15,27,3
15,14,16,16,27,3
14,14,16,17,27,3
14,14,21,19,27,3
14,14,21,20,27,3
14,14,21,21,27,3
14,14,21,22,27,3
14,14,21,23,27,3
14,14,21,24,27,3
14,14,21,25,27,3
14,14,21,26,27,3
14,14,21,27,27,3
14,14,21,28,27,3
14,14,26,30,27,3
14,14,26,31,27,3
14,14,26,32,27,3
14,14,26,33,27,3
14,14,26,34,27,3
14,14,26,35,27,3
14,14,26,36,27,3
14,14,26,37,27,3
14,14,26,38,27,3
14,14,26,39,27,3
13,14,31,41,27,3
13,14,31,42,27,3
13,14,31,43,27,3
13,14,31,44,27,3
13,14,31,45,27,3
13,14,31,46,27,3
13,14,31,48,27,3
13,14,31,49,27,3
13,14,31,50,27,3
13,14,36,51,27,3
13,14,36,52,27,3
13,14,36,53,27,3
13,14,36,54,27,3
13,14,36,55,27,3
13,14,36,56,27,3
13,14,36,57,27,3
13,14,36,58,27,3
13,14,36,59,27,3
13,14,37,0,27,3
13,14,42,2,27,3
13,14,42,3,27,3
13,14,42,4,27,3
13,14,42,5,27,3
13,14,42,6,27,3
13,14,42,7,27,3
13,14,42,8,27,3
13,14,42,9,27,3
13,14,42,10,27,3
13,14,42,11,27,3
13,14,47,13,27,3
13,14,47,14,27,3
13,14,47,16,27,3
13,14,47,17,27,3
13,14,47,18,27,3
13,14,47,19,27,3
13,14,47,20,27,3
13,14,47,21,27,3
13,14,47,22,27,3
13,14,52,23,27,3
13,14,52,24,27,3
13,14,52,25,27,3
13,14,52,26,27,3
13,14,52,27,27,3
13,14,52,28,27,3
13,14,52,29,27,3
13,14,52,30,27,3
13,14,52,31,27,3
13,14,52,32,27,3
13,14,57,34,27,3
13,14,57,35,27,3
13,14,57,36,27,3
13,14,57,37,27,3
13,14,57,38,27,3
13,14,57,39,27,3
13,14,57,40,27,3
13,14,57,41,27,3
13,14,57,42,27,3
13,14,57,43,27,3
12,15,2,46,27,3
12,15,2,47,27,3
12,15,2,48,27,3
12,15,2,49,27,3
12,15,2,50,27,3
12,15,2,51,27,3
12,15,2,52,27,3
12,15,2,53,27,3
12,15,2,54,27,3
12,15,7,55,27,3
12,15,7,56,27,3
12,15,7,57,27,3
12,15,7,58,27,3
12,15,7,59,27,3
12,15,8,0,27,3
12,15,8,1,27,3
12,15,8,2,27,3
12,15,8,3,27,3
12,15,8,4,27,3
12,15,13,6,27,3
12,15,13,7,27,3
12,15,13,8,27,3
12,15,13,9,27,3
12,15,13,10,27,3
12,15,13,11,27,3
12,15,13,12,27,3
12,15,13,13,27,3
12,15,13,14,27,3
12,15,13,15,27,3
12,15,18,17,27,3
12,15,18,18,27,3
12,15,18,19,27,3
12,15,18,20,27,3
12,15,18,21,27,3
12,15,18,22,27,3
12,15,18,23,27,3
12,15,18,24,27,3
12,15,18,25,27,3
12,15,23,27,27,3
12,15,23,28,27,3
12,15,23,29,27,3
12,15,23,30,27,3
12,15,23,31,27,3
12,15,23,32,27,3
12,15,23,33,27,3
12,15,23,34,27,3
12,15,23,35,27,3
12,15,23,36,27,3
12,15,28,39,27,3
12,15,28,40,27,3
12,15,28,41,27,3
12,15,28,42,27,3
12,15,28,43,27,3
12,15,28,44,27,3
12,15,33,49,27,3
12,15,33,50,27,3
12,15,33,51,27,3
12,15,33,52,27,3
12,15,33,53,27,3
12,15,33,54,27,3
12,15,33,55,27,3
12,15,33,56,27,3
12,15,33,57,27,3
12,15,38,59,27,3
12,15,39,0,27,3
12,15,39,1,27,3
12,15,39,2,27,3
12,15,39,3,27,3
12,15,39,4,27,3
12,15,39,5,27,3
12,15,39,6,27,3
12,15,39,7,27,3
12,15,39,8,27,3
12,15,44,11,27,3
12,15,44,12,27,3
12,15,44,13,27,3
12,15,44,14,27,3
12,15,44,15,27,3
12,15,44,16,27,3
12,15,44,17,27,3
12,15,44,18,27,3
12,15,44,19,27,3
11,15,49,21,27,3
11,15,49,22,27,3
11,15,49,23,27,3
11,15,49,24,27,3
11,15,49,25,27,3
11,15,49,26,27,3
11,15,49,27,27,3
11,15,49,28,27,3
11,15,49,29,27,3
12,15,54,31,27,3
12,15,54,32,27,3
12,15,54,33,27,3
12,15,54,34,27,3
12,15,54,35,27,3
12,15,54,36,27,3
12,15,54,37,27,3
12,15,54,38,27,3
12,15,54,39,27,3
12,15,54,40,27,3
11,15,59,43,27,3
11,15,59,44,27,3
11,15,59,45,27,3
11,15,59,46,27,3
11,15,59,47,27,3
11,15,59,48,27,3
11,15,59,49,27,3
11,15,59,50,27,3
11,15,59,51,27,3
11,16,4,52,27,3
11,16,4,53,27,3
11,16,4,54,27,3
11,16,4,55,27,3
11,16,4,56,27,3
11,16,4,57,27,3
11,16,4,58,27,3
11,16,4,59,27,3
11,16,5,0,27,3
11,16,5,1,27,3
11,16,10,3,27,3
11,16,10,4,27,3
11,16,10,5,27,3
11,16,10,6,27,3
11,16,10,7,27,3
11,16,10,8,27,3
11,16,10,9,27,3
11,16,10,10,27,3
11,16,10,11,27,3
11,16,10,12,27,3
11,16,15,15,27,3
11,16,15,16,27,3
11,16,15,17,27,3
11,16,15,18,27,3
11,16,15,19,27,3
11,16,15,20,27,3
11,16,15,21,27,3
11,16,15,22,27,3
11,16,15,23,27,3
11,16,20,24,27,3
11,16,20,25,27,3
11,16,20,26,27,3
11,16,20,27,27,3
11,16,20,28,27,3
11,16,20,29,27,3
11,16,20,30,27,3
11,16,20,31,27,3
11,16,20,32,27,3
11,16,20,33,27,3
11,16,25,36,27,3
11,16,25,37,27,3
11,16,25,38,27,3
11,16,25,39,27,3
11,16,25,40,27,3
11,16,25,41,27,3
11,16,25,42,27,3
11,16,25,43,27,3
11,16,25,44,27,3
11,16,30,47,27,3
11,16,30,48,27,3
11,16,30,49,27,3
11,16,30,50,27,3
11,16,30,51,27,3
11,16,30,52,27,3
11,16,30,53,27,3
11,16,30,54,27,3
11,16,30,55,27,3
11,16,35,56,27,3
11,16,35,57,27,3
11,16,35,58,27,3
10,16,35,59,27,3
10,16,36,0,27,3
11,16,36,1,27,3
10,16,36,2,27,3
11,16,36,3,27,3
11,16,36,4,27,3
11,16,36,5,27,3
10,16,41,8,27,3
10,16,41,9,27,3
10,16,41,10,27,3
10,16,41,11,27,3
10,16,41,12,27,3
10,16,41,13,27,3
10,16,41,14,27,3
10,16,41,15,27,3
10,16,41,16,27,3
10,16,46,19,27,3
10,16,46,20,27,3
10,16,46,21,27,3
10,16,46,22,27,3
10,16,46,23,27,3
10,16,46,24,27,3
10,16,46,25,27,3
10,16,46,26,27,3
10,16,46,27,27,3
10,16,51,28,27,3
10,16,51,29,27,3
10,16,51,30,27,3
10,16,51,31,27,3
10,16,51,32,27,3
10,16,51,33,27,3
10,16,51,34,27,3
10,16,51,35,27,3
10,16,51,36,27,3
10,16,51,37,27,3
10,16,56,40,27,3
10,16,56,41,27,3
10,16,56,42,27,3
10,16,56,43,27,3
10,16,56,44,27,3
10,16,56,45,27,3
10,16,56,46,27,3
10,16,56,47,27,3
10,16,56,48,27,3
9,17,1,49,27,3
9,17,1,50,27,3
9,17,1,51,27,3
9,17,1,52,27,3
9,17,1,53,27,3
9,17,1,54,27,3
9,17,1,55,27,3
9,17,1,56,27,3
9,17,1,57,27,3
9,17,1,58,27,3
9,17,7,1,27,3
9,17,7,2,27,3
9,17,7,3,27,3
9,17,7,4,27,3
9,17,7,5,27,3
9,17,7,6,27,3
9,17,7,7,27,3
9,17,7,8,27,3
9,17,7,9,27,3
9,17,12,10,27,3
9,17,12,11,27,3
9,17,12,12,27,3
9,17,12,13,27,3
9,17,12,14,27,3
9,17,12,16,27,3
9,17,12,17,27,3
9,17,12,18,27,3
9,17,12,19,27,3
9,17,12,20,27,3
9,17,17,21,27,3
9,17,17,22,27,3
9,17,17,23,27,3
9,17,17,24,27,3
9,17,17,25,27,3
9,17,17,26,27,3
9,17,17,27,27,3
9,17,17,28,27,3
9,17,17,29,27,3
9,17,17,30,27,3
9,17,22,33,27,3
9,17,22,34,27,3
9,17,22,35,27,3
9,17,22,36,27,3
9,17,22,37,27,3
9,17,22,38,27,3
9,17,22,39,27,3
9,17,22,40,27,3
9,17,22,41,27,3
9,17,27,42,27,3
9,17,27,43,27,3
9,17,27,45,27,3
9,17,27,46,27,3
9,17,27,47,27,3
9,17,27,48,27,3
9,17,27,49,27,3
9,17,27,50,27,3
9,17,27,51,27,3
9,17,27,52,27,3
9,17,32,53,27,3
9,17,32,54,27,3
9,17,32,55,27,3
9,17,32,56,27,3
9,17,32,57,27,3
9,17,32,58,27,3
9,17,32,59,27,3
9,17,33,0,27,3
9,17,33,1,27,3
9,17,33,2,27,3
9,17,38,5,27,3
9,17,38,6,27,3
9,17,38,7,27,3
9,17,38,8,27,3
9,17,38,9,27,3
9,17,38,10,27,3
9,17,38,11,27,3
9,17,38,12,27,3
9,17,38,13,27,3
8,17,43,14,27,3
8,17,43,15,27,3
8,17,43,16,27,3
8,17,43,17,27,3
8,17,43,18,27,3
8,17,43,19,27,3
8,17,43,20,27,3
8,17,43,21,27,3
8,17,43,22,27,3
8,17,43,23,27,3
8,17,48,26,27,3
8,17,48,27,27,3
8,17,48,28,27,3
8,17,48,29,27,3
8,17,48,30,27,3
8,17,48,31,27,3
8,17,48,32,27,3
8,17,48,33,27,3
8,17,48,34,27,3
8,17,53,37,27,3
8,17,53,38,27,3
8,17,53,39,27,3
8,17,53,40,27,3
8,17,53,41,27,3
8,17,53,42,27,3
8,17,53,43,27,3
8,17,53,44,27,3
8,17,53,45,27,3
9,17,58,46,27,3
9,17,58,47,27,3
9,17,58,48,27,3
9,17,58,49,27,3
9,17,58,50,27,3
9,17,58,51,27,3
9,17,58,52,27,3
9,17,58,53,27,3
9,17,58,54,27,3
9,17,58,55,27,3
8,18,3,58,27,3
8,18,3,59,27,3
8,18,4,0,27,3
8,18,4,1,27,3
8,18,4,2,27,3
8,18,4,3,27,3
8,18,4,4,27,3
8,18,4,5,27,3
8,18,4,6,27,3
8,18,9,9,27,3
8,18,9,10,27,3
8,18,9,11,27,3
8,18,9,12,27,3
8,18,9,13,27,3
8,18,9,14,27,3
8,18,9,15,27,3
8,18,9,16,27,3
8,18,9,17,27,3
8,18,14,18,27,3
8,18,14,19,27,3
8,18,14,20,27,3
8,18,14,21,27,3
8,18,14,22,27,3
8,18,14,23,27,3
8,18,14,24,27,3
8,18,14,25,27,3
8,18,14,26,27,3
8,18,14,27,27,3
8,18,19,30,27,3
8,18,19,31,27,3
8,18,19,32,27,3
8,18,19,33,27,3
8,18,19,34,27,3
8,18,19,35,27,3
8,18,19,36,27,3
8,18,19,37,27,3
8,18,19,38,27,3
8,18,24,41,27,3
8,18,24,42,27,3
8,18,24,43,27,3
8,18,24,44,27,3
8,18,24,45,27,3
8,18,24,46,27,3
8,18,24,47,27,3
8,18,24,48,27,3
8,18,24,49,27,3
7,18,29,50,27,3
7,18,29,51,27,3
7,18,29,52,27,3
7,18,29,53,27,3
7,18,29,54,27,3
7,18,29,55,27,3
7,18,29,56,27,3
7,18,29,57,27,3
7,18,29,58,27,3
7,18,29,59,27,3
7,18,35,2,27,3
7,18,35,3,27,3
7,18,35,4,27,3
7,18,35,5,27,3
7,18,35,6,27,3
7,18,35,7,27,3
7,18,35,8,27,3
7,18,35,9,27,3
7,18,35,10,27,3
8,18,40,12,27,3
8,18,40,13,27,3
8,18,40,14,27,3
8,18,40,15,27,3
8,18,40,16,27,3
8,18,40,17,27,3
8,18,40,18,27,3
8,18,40,19,27,3
8,18,40,20,27,3
8,18,40,21,27,3
7,18,45,22,27,3
7,18,45,23,27,3
7,18,45,24,27,3
7,18,45,25,27,3
7,18,45,26,27,3
7,18,45,27,27,3
7,18,45,28,27,3
7,18,45,29,27,3
7,18,45,30,27,3
7,18,45,31,27,3
7,18,50,34,27,3
7,18,50,35,27,3
7,18,50,36,27,3
7,18,50,37,27,3
7,18,50,38,27,3
7,18,50,39,27,3
7,18,50,40,27,3
7,18,50,41,27,3
7,18,50,42,27,3
7,18,55,43,27,3
7,18,55,44,27,3
7,18,55,45,27,3
7,18,55,46,27,3
7,18,55,47,27,3
7,18,55,48,27,3
7,18,55,49,27,3
7,18,55,50,27,3
7,18,55,51,27,3
7,18,55,52,27,3
7,19,0,55,27,3
7,19,0,56,27,3
7,19,0,57,27,3
7,19,0,58,27,3
7,19,0,59,27,3
7,19,1,0,27,3
7,19,1,1,27,3
7,19,1,2,27,3
7,19,1,3,27,3
7,19,6,6,27,3
7,19,6,7,27,3
7,19,6,8,27,3
7,19,6,9,27,3
7,19,6,10,27,3
7,19,6,11,27,3
7,19,6,12,27,3
7,19,6,13,27,3
7,19,6,14,27,3
7,19,11,16,27,3
7,19,11,17,27,3
7,19,11,18,27,3
7,19,11,19,27,3
7,19,11,20,27,3
7,19,11,21,27,3
7,19,11,22,27,3
7,19,11,23,27,3
7,19,11,24,27,3
7,19,11,25,27,3
7,19,16,26,27,3
7,19,16,27,27,3
7,19,16,28,27,3
7,19,16,29,27,3
7,19,16,30,27,3
7,19,16,31,27,3
7,19,16,32,27,3
7,19,16,33,27,3
7,19,16,34,27,3
7,19,16,35,27,3
7,19,21,38,27,3
7,19,21,39,27,3
7,19,21,40,27,3
7,19,21,41,27,3
7,19,21,42,27,3
7,19,21,43,27,3
7,19,21,44,27,3
7,19,21,45,27,3
7,19,21,46,27,3
7,19,26,48,27,3
7,19,26,49,27,3
7,19,26,50,27,3
7,19,26,51,27,3
7,19,26,52,27,3
7,19,26,53,27,3
7,19,26,54,27,3
7,19,26,55,27,3
7,19,26,56,27,3
7,19,26,57,27,3
6,19,31,58,27,3
6,19,31,59,27,3
6,19,32,0,27,3
6,19,32,1,27,3
6,19,32,2,27,3
6,19,32,3,27,3
6,19,32,4,27,3
6,19,32,5,27,3
6,19,32,6,27,3
6,19,32,7,27,3
6,19,37,10,27,3
6,19,37,11,27,3
6,19,37,12,27,3
6,19,37,13,27,3
6,19,37,14,27,3
6,19,37,15,27,3
6,19,37,16,27,3
6,19,37,17,27,3
6,19,37,18,27,3
6,19,42,20,27,3
6,19,42,21,27,3
6,19,42,22,27,3
6,19,42,23,27,3
6,19,42,24,27,3
6,19,42,25,27,3
6,19,42,26,27,3
6,19,42,27,27,3
6,19,42,28,27,3
6,19,42,29,27,3
6,19,47,30,27,3
6,19,47,31,27,3
6,19,47,32,27,3
6,19,47,33,27,3
6,19,47,34,27,3
6,19,47,35,27,3
6,19,47,36,27,3
6,19,47,37,27,3
6,19,47,38,27,3
6,19,47,39,27,3
6,19,52,42,27,3
6,19,52,43,27,3
6,19,52,44,27,3
6,19,52,45,27,3
6,19,52,46,27,3
6,19,52,47,27,3
6,19,52,48,27,3
6,19,52,49,27,3
6,19,52,50,27,3
6,19,57,52,27,3
6,19,57,53,27,3
6,19,57,54,27,3
6,19,57,55,27,3
6,19,57,56,27,3
6,19,57,57,27,3
6,19,57,58,27,3
6,19,57,59,27,3
6,19,58,0,27,3
6,19,58,1,27,3
6,20,3,2,27,3
6,20,3,3,27,3
6,20,3,4,27,3
6,20,3,5,27,3
6,20,3,6,27,3
6,20,3,7,27,3
6,20,3,8,27,3
6,20,3,9,27,3
6,20,3,10,27,3
6,20,3,11,27,3
6,20,8,14,27,3
6,20,8,15,27,3
6,20,8,16,27,3
6,20,8,17,27,3
6,20,8,18,27,3
6,20,8,19,27,3
6,20,8,20,27,3
6,20,8,21,27,3
6,20,8,22,27,3
6,20,13,24,27,3
6,20,13,25,27,3
6,20,13,26,27,3
6,20,13,27,27,3
6,20,13,28,27,3
6,20,13,29,27,3
6,20,13,30,27,3
6,20,13,31,27,3
6,20,13,32,27,3
6,20,13,33,27,3
6,20,18,35,27,3
6,20,18,36,27,3
6,20,18,37,27,3
6,20,18,38,27,3
6,20,18,39,27,3
6,20,18,43,27,3
6,20,23,46,27,3
6,20,23,47,27,3
6,20,23,48,27,3
6,20,23,49,27,3
6,20,23,50,27,3
6,20,23,51,27,3
6,20,23,52,27,3
6,20,23,53,27,3
6,20,23,54,27,3
6,20,28,56,27,3
6,20,28,57,27,3
6,20,28,58,27,3
6,20,28,59,27,3
6,20,29,0,27,3
6,20,29,1,27,3
6,20,29,2,27,3
6,20,29,3,27,3
6,20,29,4,27,3
6,20,29,5,27,3
6,20,34,7,27,3
6,20,34,8,27,3
6,20,34,9,27,3
6,20,34,10,27,3
6,20,34,11,27,3
6,20,34,12,27,3
6,20,34,13,27,3
6,20,34,14,27,3
6,20,34,15,27,3
6,20,39,18,27,3
6,20,39,19,27,3
6,20,39,20,27,3
6,20,39,21,27,3
6,20,39,22,27,3
6,20,39,23,27,3
6,20,39,24,27,3
6,20,39,25,27,3
6,20,39,26,27,3
6,20,44,28,27,3
6,20,44,29,27,3
6,20,44,30,27,3
6,20,44,31,27,3
6,20,44,32,27,3
6,20,44,33,27,3
6,20,44,34,27,3
6,20,44,35,27,3
6,20,44,36,27,3
6,20,44,37,27,3
6,20,49,39,27,3
6,20,49,40,27,3
6,20,49,41,27,3
6,20,49,42,27,3
6,20,49,43,27,3
6,20,49,44,27,3
6,20,49,45,27,3
6,20,49,46,27,3
6,20,49,47,27,3
7,20,54,50,27,3
7,20,54,51,27,3
7,20,54,52,27,3
7,20,54,53,27,3
7,20,54,54,27,3
7,20,54,55,27,3
7,20,54,56,27,3
7,20,54,57,27,3
7,20,54,58,27,3
6,21,0,0,27,3
6,21,0,1,27,3
6,21,0,2,27,3
6,21,0,3,27,3
6,21,0,4,27,3
6,21,0,5,27,3
6,21,0,6,27,3
6,21,0,7,27,3
6,21,0,8,27,3
6,21,0,9,27,3
6,21,5,11,27,3
6,21,5,12,27,3
6,21,5,13,27,3
6,21,5,14,27,3
6,21,5,15,27,3
6,21,5,16,27,3
6,21,5,17,27,3
6,21,5,18,27,3
6,21,5,19,27,3
6,21,10,22,27,3
6,21,10,23,27,3
6,21,10,24,27,3
6,21,10,25,27,3
6,21,10,26,27,3
6,21,10,27,27,3
6,21,10,28,27,3
6,21,10,29,27,3
6,21,10,30,27,3
6,21,15,32,27,3
6,21,15,33,27,3
6,21,15,34,27,3
6,21,15,35,27,3
6,21,15,36,27,3
6,21,15,37,27,3
6,21,15,38,27,3
6,21,15,39,27,3
6,21,15,40,27,3
6,21,15,41,27,3
6,21,20,43,27,3
6,21,20,44,27,3
6,21,20,45,27,3
6,21,20,46,27,3
6,21,20,47,27,3
6,21,20,48,27,3
6,21,20,49,27,3
6,21,20,50,27,3
6,21,20,51,27,3
6,21,25,53,27,3
6,21,25,54,27,3
6,21,25,55,27,3
6,21,25,56,27,3
6,21,25,57,27,3
6,21,25,58,27,3
6,21,25,59,27,3
6,21,26,0,27,3
6,21,26,1,27,3
6,21,26,2,27,3
7,21,31,4,27,3
7,21,31,5,27,3
7,21,31,6,27,3
7,21,31,7,27,3
7,21,31,8,27,3
7,21,31,9,27,3
7,21,31,10,27,3
7,21,31,11,27,3
7,21,31,12,27,3
7,21,31,13,27,3
7,21,36,15,27,3
7,21,36,16,27,3
7,21,36,17,27,3
7,21,36,18,27,3
7,21,36,19,27,3
7,21,36,20,27,3
7,21,36,21,27,3
7,21,36,22,27,3
7,21,36,23,27,3
7,21,41,25,27,3
7,21,41,26,27,3
7,21,41,27,27,3
7,21,41,28,27,3
7,21,41,29,27,3
7,21,41,30,27,3
7,21,41,31,27,3
7,21,41,32,27,3
7,21,41,33,27,3
7,21,41,34,27,3
7,21,46,36,27,3
7,21,46,37,27,3
7,21,46,38,27,3
7,21,46,39,27,3
7,21,46,40,27,3
7,21,46,41,27,3
7,21,46,42,27,3
7,21,46,43,27,3
7,21,46,44,27,3
7,21,46,45,27,3
7,21,51,47,27,3
7,21,51,48,27,3
7,21,51,49,27,3
7,21,51,50,27,3
7,21,51,51,27,3
7,21,51,52,27,3
7,21,51,53,27,3
7,21,51,54,27,3
7,21,51,55,27,3
7,21,56,57,27,3
7,21,56,58,27,3
7,21,56,59,27,3
7,21,57,0,27,3
7,21,57,1,27,3
7,21,57,2,27,3
7,21,57,3,27,3
7,21,57,4,27,3
7,21,57,5,27,3
7,21,57,6,27,3
7,22,2,8,27,3
7,22,2,9,27,3
7,22,2,10,27,3
7,22,2,11,27,3
7,22,2,12,27,3
7,22,2,13,27,3
7,22,2,14,27,3
7,22,2,15,27,3
7,22,2,16,27,3
7,22,2,17,27,3
7,22,7,19,27,3
7,22,7,20,27,3
7,22,7,21,27,3
7,22,7,22,27,3
8,22,7,23,27,3
8,22,7,24,27,3
8,22,7,25,27,3
8,22,7,26,27,3
7,22,7,27,27,3
7,22,12,29,27,3
7,22,12,30,27,3
7,22,12,31,27,3
7,22,12,32,27,3
7,22,12,33,27,3
7,22,12,34,27,3
7,22,12,35,27,3
7,22,12,36,27,3
7,22,12,37,27,3
7,22,12,38,27,3
7,22,17,40,27,3
7,22,17,41,27,3
7,22,17,42,27,3
7,22,17,43,27,3
7,22,17,44,27,3
7,22,17,45,27,3
7,22,17,46,27,3
7,22,17,47,27,3
7,22,17,48,27,3
7,22,17,49,27,3
8,22,22,51,27,3
8,22,22,52,27,3
8,22,22,53,27,3
8,22,22,54,27,3
8,22,22,55,27,3
8,22,22,56,27,3
8,22,22,57,27,3
8,22,22,58,27,3
8,22,22,59,27,3
8,22,28,1,27,3
8,22,28,2,27,3
8,22,28,3,27,3
8,22,28,4,27,3
8,22,28,5,27,3
8,22,28,6,27,3
8,22,28,7,27,3
8,22,28,8,27,3
8,22,28,9,27,3
8,22,28,10,27,3
8,22,33,13,27,3
8,22,33,14,27,3
8,22,33,15,27,3
8,22,33,16,27,3
8,22,38,23,27,3
8,22,38,24,27,3
8,22,38,25,27,3
8,22,38,26,27,3
8,22,38,27,27,3
8,22,38,28,27,3
8,22,38,29,27,3
8,22,38,30,27,3
8,22,38,31,27,3
8,22,43,33,27,3
8,22,43,34,27,3
8,22,43,35,27,3
8,22,43,36,27,3
8,22,43,37,27,3
8,22,43,38,27,3
8,22,43,39,27,3
8,22,43,40,27,3
8,22,43,41,27,3
8,22,43,42,27,3
8,22,48,45,27,3
8,22,48,46,27,3
8,22,48,47,27,3
8,22,48,48,27,3
8,22,48,49,27,3
8,22,48,50,27,3
7,22,53,55,27,3
7,22,53,56,27,3
7,22,53,57,27,3
7,22,53,58,27,3
7,22,53,59,27,3
7,22,54,0,27,3
7,22,54,1,27,3
7,22,54,2,27,3
7,22,54,3,27,3
7,22,59,5,27,3
7,22,59,6,27,3
7,22,59,7,27,3
7,22,59,8,27,3
7,22,59,9,27,3
7,22,59,10,27,3
7,22,59,11,27,3
7,22,59,12,27,3
7,22,59,13,27,3
7,22,59,14,27,3
7,23,4,16,27,3
7,23,4,17,27,3
7,23,4,19,27,3
7,23,4,20,27,3
7,23,4,21,27,3
7,23,4,22,27,3
7,23,4,23,27,3
7,23,4,24,27,3
7,23,4,25,27,3
7,23,9,27,27,3
7,23,9,28,27,3
7,23,9,29,27,3
7,23,9,30,27,3
7,23,9,31,27,3
7,23,9,32,27,3
7,23,9,33,27,3
7,23,9,34,27,3
7,23,9,35,27,3
6,23,14,37,27,3
6,23,14,38,27,3
6,23,14,39,27,3
6,23,14,40,27,3
6,23,14,41,27,3
6,23,14,42,27,3
6,23,14,43,27,3
6,23,14,44,27,3
6,23,14,45,27,3
6,23,14,46,27,3
6,23,19,49,27,3
6,23,19,50,27,3
6,23,19,51,27,3
6,23,19,52,27,3
6,23,19,53,27,3
6,23,19,54,27,3
6,23,19,55,27,3
6,23,19,56,27,3
6,23,19,57,27,3
6,23,24,58,27,3
6,23,24,59,27,3
6,23,25,0,27,3
6,23,25,1,27,3
6,23,25,2,27,3
6,23,25,3,27,3
6,23,25,4,27,3
5,23,25,5,27,3
5,23,25,6,27,3
6,23,25,7,27,3
5,23,30,9,27,3
5,23,30,10,27,3
5,23,30,11,27,3
5,23,30,12,27,3
5,23,30,13,27,3
5,23,30,14,27,3
5,23,30,15,27,3
5,23,30,16,27,3
5,23,30,17,27,3
5,23,30,18,27,3
5,23,35,20,27,3
5,23,35,21,27,3
5,23,35,22,27,3
5,23,35,23,27,3
5,23,35,24,27,3
5,23,35,25,27,3
5,23,35,26,27,3
5,23,35,27,27,3
5,23,35,28,27,3
5,23,40,30,27,3
5,23,40,31,27,3
5,23,40,32,27,3
5,23,40,33,27,3
5,23,40,34,27,3
5,23,40,35,27,3
5,23,40,36,27,3
5,23,40,37,27,3
5,23,40,38,27,3
5,23,40,39,27,3
5,23,45,42,27,3
5,23,45,43,27,3
5,23,45,44,27,3
5,23,45,45,27,3
5,23,45,46,27,3
5,23,45,47,27,3
5,23,45,48,27,3
5,23,45,49,27,3
5,23,45,50,27,3
5,23,50,52,27,3
5,23,50,53,27,3
5,23,50,54,27,3
5,23,50,55,27,3
5,23,50,56,27,3
5,23,50,57,27,3
5,23,50,58,27,3
5,23,50,59,27,3
5,23,51,0,27,3
5,23,56,2,27,3
5,23,56,3,27,3
5,23,56,4,27,3
5,23,56,5,27,3
5,23,56,6,27,3
5,23,56,7,27,3
5,23,56,8,27,3
5,23,56,9,27,3
5,23,56,10,27,3
5,23,56,11,27,3
5,0,1,14,28,3
5,0,1,15,28,3
5,0,1,16,28,3
5,0,1,17,28,3
5,0,1,18,28,3
5,0,1,19,28,3
5,0,1,20,28,3
5,0,1,21,28,3
5,0,1,22,28,3
5,0,6,24,28,3
5,0,6,25,28,3
5,0,6,26,28,3
5,0,6,27,28,3
5,0,6,28,28,3
5,0,6,29,28,3
5,0,6,30,28,3
5,0,6,31,28,3
5,0,6,32,28,3
4,0,11,34,28,3
4,0,11,35,28,3
4,0,11,36,28,3
4,0,11,37,28,3
4,0,11,38,28,3
4,0,11,39,28,3
4,0,11,40,28,3
4,0,11,41,28,3
4,0,11,42,28,3
4,0,11,43,28,3
5,0,16,46,28,3
5,0,16,47,28,3
5,0,16,48,28,3
5,0,16,49,28,3
5,0,16,50,28,3
5,0,16,51,28,3
5,0,16,52,28,3
5,0,16,53,28,3
5,0,16,54,28,3
5,0,21,55,28,3
5,0,21,56,28,3
5,0,21,57,28,3
5,0,21,58,28,3
5,0,21,59,28,3
5,0,22,0,28,3
5,0,22,1,28,3
5,0,22,2,28,3
5,0,22,3,28,3
5,0,22,4,28,3
5,0,27,7,28,3
5,0,27,8,28,3
5,0,27,9,28,3
5,0,27,10,28,3
5,0,27,11,28,3
5,0,27,12,28,3
5,0,32,17,28,3
5,0,32,18,28,3
5,0,32,19,28,3
5,0,32,20,28,3
5,0,32,21,28,3
5,0,32,22,28,3
5,0,32,23,28,3
5,0,32,24,28,3
5,0,32,25,28,3
5,0,37,27,28,3
5,0,37,28,28,3
5,0,37,29,28,3
5,0,37,30,28,3
5,0,37,31,28,3
5,0,37,32,28,3
5,0,37,33,28,3
5,0,37,34,28,3
5,0,37,35,28,3
5,0,37,36,28,3
5,0,42,39,28,3
5,0,42,40,28,3
5,0,42,41,28,3
5,0,42,42,28,3
5,0,42,43,28,3
5,0,42,44,28,3
5,0,42,45,28,3
5,0,42,46,28,3
5,0,42,47,28,3
6,0,47,50,28,3
6,0,47,51,28,3
6,0,47,52,28,3
6,0,47,53,28,3
6,0,47,54,28,3
6,0,47,55,28,3
6,0,47,56,28,3
6,0,47,57,28,3
6,0,47,58,28,3
6,0,52,59,28,3
6,0,53,0,28,3
6,0,53,1,28,3
6,0,53,2,28,3
6,0,53,3,28,3
6,0,53,4,28,3
6,0,53,5,28,3
6,0,53,6,28,3
6,0,53,7,28,3
6,0,53,8,28,3
6,0,58,10,28,3
6,0,58,11,28,3
6,0,58,12,28,3
6,0,58,13,28,3
6,0,58,14,28,3
6,0,58,15,28,3
6,0,58,16,28,3
6,0,58,17,28,3
6,0,58,18,28,3
6,0,58,19,28,3
6,1,3,22,28,3
6,1,3,23,28,3
6,1,3,24,28,3
6,1,3,25,28,3
6,1,3,26,28,3
6,1,3,27,28,3
6,1,3,28,28,3
6,1,3,29,28,3
6,1,3,30,28,3
6,1,8,31,28,3
6,1,8,32,28,3
6,1,8,33,28,3
6,1,8,34,28,3
6,1,8,35,28,3
6,1,8,36,28,3
6,1,8,37,28,3
6,1,8,38,28,3
6,1,8,39,28,3
6,1,8,40,28,3
6,1,13,43,28,3
6,1,13,44,28,3
6,1,13,45,28,3
6,1,13,46,28,3
6,1,13,47,28,3
6,1,13,48,28,3
6,1,13,49,28,3
6,1,13,50,28,3
6,1,13,51,28,3
6,1,18,53,28,3
6,1,18,54,28,3
6,1,18,55,28,3
6,1,18,56,28,3
6,1,18,57,28,3
6,1,18,58,28,3
6,1,18,59,28,3
6,1,19,0,28,3
6,1,19,1,28,3
6,1,24,3,28,3
6,1,24,4,28,3
6,1,24,5,28,3
6,1,24,6,28,3
6,1,24,7,28,3
6,1,24,8,28,3
6,1,24,9,28,3
6,1,24,10,28,3
6,1,24,11,28,3
6,1,24,12,28,3
6,1,29,15,28,3
6,1,29,16,28,3
6,1,29,17,28,3
6,1,29,18,28,3
6,1,29,19,28,3
6,1,29,20,28,3
6,1,29,21,28,3
6,1,29,22,28,3
6,1,29,23,28,3
6,1,34,25,28,3
6,1,34,26,28,3
6,1,34,27,28,3
6,1,34,28,28,3
6,1,34,29,28,3
6,1,34,30,28,3
6,1,34,31,28,3
6,1,34,33,28,3
6,1,34,34,28,3
6,1,39,35,28,3
6,1,39,36,28,3
6,1,39,37,28,3
6,1,39,38,28,3
6,1,39,39,28,3
6,1,39,40,28,3
6,1,39,41,28,3
6,1,39,42,28,3
6,1,39,43,28,3
6,1,39,44,28,3
5,1,44,47,28,3
5,1,44,48,28,3
5,1,44,49,28,3
5,1,44,50,28,3
5,1,44,51,28,3
5,1,44,52,28,3
5,1,44,53,28,3
5,1,44,54,28,3
5,1,44,55,28,3
5,1,49,58,28,3
5,1,49,59,28,3
5,1,50,0,28,3
5,1,50,1,28,3
5,1,50,2,28,3
5,1,50,3,28,3
5,1,50,4,28,3
5,1,50,5,28,3
5,1,50,6,28,3
6,1,55,7,28,3
6,1,55,8,28,3
6,1,55,9,28,3
6,1,55,10,28,3
6,1,55,11,28,3
6,1,55,12,28,3
6,1,55,13,28,3
6,1,55,14,28,3
6,1,55,15,28,3
6,1,55,16,28,3
5,2,0,19,28,3
5,2,0,20,28,3
5,2,0,21,28,3
5,2,0,22,28,3
5,2,0,23,28,3
5,2,0,24,28,3
5,2,0,25,28,3
5,2,0,26,28,3
5,2,0,27,28,3
5,2,5,28,28,3
5,2,5,29,28,3
5,2,5,30,28,3
5,2,5,31,28,3
5,2,5,32,28,3
5,2,5,33,28,3
5,2,5,34,28,3
5,2,5,36,28,3
5,2,5,37,28,3
5,2,5,38,28,3
5,2,10,39,28,3
5,2,10,40,28,3
5,2,10,41,28,3
5,2,10,42,28,3
5,2,10,43,28,3
5,2,10,44,28,3
5,2,10,45,28,3
5,2,10,46,28,3
5,2,10,47,28,3
5,2,10,48,28,3
5,2,15,51,28,3
5,2,15,52,28,3
5,2,15,53,28,3
5,2,15,54,28,3
5,2,15,55,28,3
5,2,15,56,28,3
5,2,15,57,28,3
5,2,15,58,28,3
5,2,15,59,28,3
6,2,21,0,28,3
6,2,21,1,28,3
6,2,21,2,28,3
6,2,21,3,28,3
6,2,21,4,28,3
6,2,21,5,28,3
6,2,21,6,28,3
6,2,21,7,28,3
6,2,21,8,28,3
6,2,21,9,28,3
8,2,26,11,28,3
8,2,26,12,28,3
8,2,26,13,28,3
8,2,26,14,28,3
8,2,26,15,28,3
8,2,26,16,28,3
8,2,26,17,28,3
8,2,26,18,28,3
8,2,26,19,28,3
8,2,26,20,28,3
7,2,31,23,28,3
7,2,31,24,28,3
7,2,31,25,28,3
7,2,31,26,28,3
7,2,31,27,28,3
7,2,31,28,28,3
7,2,31,29,28,3
7,2,31,30,28,3
7,2,31,31,28,3
7,2,36,34,28,3
7,2,36,35,28,3
7,2,36,36,28,3
7,2,36,37,28,3
7,2,36,38,28,3
7,2,36,39,28,3
7,2,36,40,28,3
7,2,36,41,28,3
7,2,36,42,28,3
7,2,41,43,28,3
7,2,41,44,28,3
7,2,41,45,28,3
7,2,41,46,28,3
7,2,41,47,28,3
7,2,41,48,28,3
7,2,41,49,28,3
7,2,41,50,28,3
7,2,41,51,28,3
7,2,41,52,28,3
7,2,46,55,28,3
7,2,46,56,28,3
7,2,46,57,28,3
7,2,46,58,28,3
7,2,46,59,28,3
7,2,47,0,28,3
7,2,47,1,28,3
7,2,47,2,28,3
7,2,47,3,28,3
7,2,52,5,28,3
7,2,52,6,28,3
7,2,52,7,28,3
7,2,52,8,28,3
7,2,52,9,28,3
7,2,52,10,28,3
7,2,52,11,28,3
7,2,52,12,28,3
7,2,52,13,28,3
7,2,52,14,28,3
7,2,57,15,28,3
7,2,57,16,28,3
7,2,57,17,28,3
7,2,57,18,28,3
7,2,57,19,28,3
7,2,57,20,28,3
7,2,57,21,28,3
7,2,57,22,28,3
7,2,57,23,28,3
7,2,57,24,28,3
7,3,2,27,28,3
7,3,2,28,28,3
7,3,2,29,28,3
7,3,2,30,28,3
7,3,2,31,28,3
7,3,2,32,28,3
7,3,2,33,28,3
7,3,2,34,28,3
7,3,2,35,28,3
7,3,7,37,28,3
7,3,7,38,28,3
7,3,7,39,28,3
7,3,7,40,28,3
7,3,7,41,28,3
7,3,7,42,28,3
7,3,7,43,28,3
7,3,7,44,28,3
7,3,7,45,28,3
7,3,7,46,28,3
6,3,12,48,28,3
6,3,12,49,28,3
6,3,12,50,28,3
6,3,12,51,28,3
6,3,12,52,28,3
6,3,12,55,28,3
6,3,12,56,28,3
7,3,17,59,28,3
7,3,18,0,28,3
7,3,18,1,28,3
7,3,18,2,28,3
7,3,18,3,28,3
7,3,18,4,28,3
7,3,18,5,28,3
7,3,18,6,28,3
7,3,18,7,28,3
7,3,23,8,28,3
7,3,23,9,28,3
7,3,23,10,28,3
7,3,23,11,28,3
7,3,23,12,28,3
7,3,23,13,28,3
7,3,23,14,28,3
7,3,23,15,28,3
7,3,23,16,28,3
7,3,23,17,28,3
7,3,28,20,28,3
7,3,28,21,28,3
7,3,28,22,28,3
7,3,28,23,28,3
7,3,28,24,28,3
7,3,28,25,28,3
7,3,28,26,28,3
7,3,28,27,28,3
7,3,28,28,28,3
7,3,33,30,28,3
7,3,33,31,28,3
7,3,33,32,28,3
7,3,33,33,28,3
7,3,33,34,28,3
7,3,33,35,28,3
7,3,33,36,28,3
7,3,33,37,28,3
7,3,33,38,28,3
7,3,33,39,28,3
7,3,38,40,28,3
7,3,38,41,28,3
7,3,38,42,28,3
7,3,38,43,28,3
7,3,38,44,28,3
7,3,38,45,28,3
7,3,38,46,28,3
7,3,38,47,28,3
7,3,38,48,28,3
7,3,38,49,28,3
6,3,43,52,28,3
6,3,43,53,28,3
6,3,43,54,28,3
6,3,43,55,28,3
6,3,43,56,28,3
6,3,43,57,28,3
6,3,43,58,28,3
6,3,43,59,28,3
6,3,44,0,28,3
6,3,49,2,28,3
6,3,49,3,28,3
6,3,49,4,28,3
6,3,49,5,28,3
6,3,49,6,28,3
6,3,49,7,28,3
6,3,49,8,28,3
6,3,49,9,28,3
6,3,49,10,28,3
6,3,49,11,28,3
7,3,54,12,28,3
6,3,54,13,28,3
7,3,54,14,28,3
7,3,54,15,28,3
7,3,54,16,28,3
7,3,54,17,28,3
7,3,54,18,28,3
7,3,54,19,28,3
7,3,54,20,28,3
7,3,54,21,28,3
7,3,59,24,28,3
7,3,59,25,28,3
7,3,59,26,28,3
7,3,59,27,28,3
7,3,59,28,28,3
7,3,59,29,28,3
7,3,59,30,28,3
7,3,59,31,28,3
7,3,59,32,28,3
7,4,4,33,28,3
7,4,4,34,28,3
7,4,4,36,28,3
7,4,4,37,28,3
7,4,4,38,28,3
7,4,4,39,28,3
7,4,4,40,28,3
7,4,4,41,28,3
7,4,4,42,28,3
7,4,4,43,28,3
7,4,9,45,28,3
7,4,9,46,28,3
7,4,9,47,28,3
7,4,9,48,28,3
7,4,9,49,28,3
7,4,9,50,28,3
7,4,9,51,28,3
7,4,9,52,28,3
7,4,9,53,28,3
7,4,14,55,28,3
7,4,14,56,28,3
7,4,14,57,28,3
7,4,14,58,28,3
7,4,14,59,28,3
7,4,15,0,28,3
7,4,15,1,28,3
7,4,15,2,28,3
7,4,15,3,28,3
7,4,15,4,28,3
7,4,20,5,28,3
7,4,20,6,28,3
7,4,20,7,28,3
7,4,20,8,28,3
7,4,20,9,28,3
7,4,20,10,28,3
7,4,20,11,28,3
7,4,20,12,28,3
7,4,20,13,28,3
7,4,20,14,28,3
7,4,25,17,28,3
7,4,25,18,28,3
7,4,25,19,28,3
7,4,25,20,28,3
7,4,25,21,28,3
7,4,25,22,28,3
7,4,25,23,28,3
7,4,25,24,28,3
7,4,25,25,28,3
7,4,30,27,28,3
7,4,30,28,28,3
7,4,30,29,28,3
7,4,30,30,28,3
7,4,30,31,28,3
7,4,30,32,28,3
7,4,30,33,28,3
7,4,30,34,28,3
7,4,30,35,28,3
7,4,30,36,28,3
7,4,35,38,28,3
7,4,35,39,28,3
7,4,35,40,28,3
7,4,35,41,28,3
7,4,35,42,28,3
7,4,35,43,28,3
7,4,35,44,28,3
7,4,35,45,28,3
7,4,35,46,28,3
7,4,40,49,28,3
7,4,40,50,28,3
7,4,40,51,28,3
7,4,40,52,28,3
7,4,40,53,28,3
7,4,40,54,28,3
7,4,40,55,28,3
7,4,40,56,28,3
7,4,40,57,28,3
8,4,45,59,28,3
8,4,46,0,28,3
8,4,46,1,28,3
8,4,46,2,28,3
8,4,46,3,28,3
8,4,46,4,28,3
8,4,46,5,28,3
8,4,46,6,28,3
8,4,46,7,28,3
8,4,46,8,28,3
8,4,51,10,28,3
8,4,51,11,28,3
8,4,51,12,28,3
8,4,51,13,28,3
8,4,51,14,28,3
8,4,51,15,28,3
8,4,51,16,28,3
8,4,51,17,28,3
8,4,51,18,28,3
8,4,56,20,28,3
8,4,56,21,28,3
8,4,56,22,28,3
8,4,56,23,28,3
8,4,56,24,28,3
8,4,56,25,28,3
8,4,56,26,28,3
8,4,56,27,28,3
8,4,56,28,28,3
8,4,56,29,28,3
8,5,1,30,28,3
8,5,1,31,28,3
8,5,1,32,28,3
8,5,1,33,28,3
8,5,1,34,28,3
8,5,1,35,28,3
8,5,1,37,28,3
8,5,1,38,28,3
8,5,1,39,28,3
8,5,1,40,28,3
8,5,6,42,28,3
8,5,6,43,28,3
8,5,6,44,28,3
8,5,6,45,28,3
8,5,6,46,28,3
8,5,6,47,28,3
8,5,6,48,28,3
8,5,6,49,28,3
8,5,6,50,28,3
8,5,11,52,28,3
8,5,11,53,28,3
8,5,11,54,28,3
8,5,11,55,28,3
8,5,11,56,28,3
8,5,11,57,28,3
8,5,11,58,28,3
8,5,11,59,28,3
8,5,12,0,28,3
8,5,12,1,28,3
8,5,17,3,28,3
8,5,17,4,28,3
8,5,17,5,28,3
8,5,17,6,28,3
8,5,17,7,28,3
8,5,17,8,28,3
8,5,17,9,28,3
8,5,17,10,28,3
8,5,17,11,28,3
7,5,22,14,28,3
7,5,22,15,28,3
7,5,22,16,28,3
7,5,22,17,28,3
7,5,22,18,28,3
7,5,22,19,28,3
7,5,22,20,28,3
7,5,22,21,28,3
7,5,22,22,28,3
7,5,27,24,28,3
7,5,27,25,28,3
7,5,27,26,28,3
7,5,27,27,28,3
7,5,27,28,28,3
7,5,27,29,28,3
7,5,27,30,28,3
7,5,27,31,28,3
7,5,27,32,28,3
7,5,27,33,28,3
7,5,32,35,28,3
7,5,32,36,28,3
7,5,32,37,28,3
7,5,32,38,28,3
7,5,32,39,28,3
7,5,32,40,28,3
7,5,32,41,28,3
7,5,32,42,28,3
7,5,32,43,28,3
7,5,32,44,28,3
7,5,37,46,28,3
7,5,37,47,28,3
7,5,37,48,28,3
7,5,37,49,28,3
7,5,37,50,28,3
7,5,37,51,28,3
7,5,37,52,28,3
7,5,37,53,28,3
7,5,37,54,28,3
7,5,42,56,28,3
7,5,42,57,28,3
7,5,42,58,28,3
7,5,42,59,28,3
7,5,43,0,28,3
7,5,43,1,28,3
7,5,43,2,28,3
7,5,43,3,28,3
7,5,43,4,28,3
7,5,43,5,28,3
9,5,48,7,28,3
9,5,48,8,28,3
9,5,48,9,28,3
9,5,48,10,28,3
9,5,48,11,28,3
9,5,48,12,28,3
9,5,48,13,28,3
9,5,48,14,28,3
9,5,48,15,28,3
9,5,48,16,28,3
8,5,53,18,28,3
8,5,53,19,28,3
8,5,53,20,28,3
8,5,53,21,28,3
8,5,53,22,28,3
8,5,53,23,28,3
8,5,53,24,28,3
8,5,53,25,28,3
8,5,53,26,28,3
14,5,58,28,28,3
14,5,58,29,28,3
14,5,58,30,28,3
14,5,58,31,28,3
14,5,58,32,28,3
14,5,58,33,28,3
14,5,58,34,28,3
14,5,58,35,28,3
14,5,58,36,28,3
14,5,58,37,28,3
12,6,3,39,28,3
12,6,3,40,28,3
12,6,3,41,28,3
12,6,3,42,28,3
12,6,3,43,28,3
12,6,3,44,28,3
12,6,3,45,28,3
12,6,3,46,28,3
12,6,3,47,28,3
12,6,3,48,28,3
20,6,8,50,28,3
20,6,8,51,28,3
20,6,8,52,28,3
20,6,8,53,28,3
20,6,8,54,28,3
20,6,8,55,28,3
20,6,8,56,28,3
20,6,8,57,28,3
20,6,8,58,28,3
10,6,14,0,28,3
10,6,14,1,28,3
10,6,14,2,28,3
10,6,14,3,28,3
10,6,14,4,28,3
10,6,14,5,28,3
10,6,14,6,28,3
10,6,14,7,28,3
10,6,14,8,28,3
10,6,14,9,28,3
10,6,19,16,28,3
10,6,19,17,28,3
10,6,19,18,28,3
10,6,19,19,28,3
10,6,19,20,28,3
12,6,24,22,28,3
12,6,24,23,28,3
12,6,24,24,28,3
12,6,24,25,28,3
12,6,24,26,28,3
12,6,24,27,28,3
12,6,24,28,28,3
12,6,24,29,28,3
12,6,24,30,28,3
8,6,29,32,28,3
8,6,29,33,28,3
9,6,29,34,28,3
8,6,29,35,28,3
9,6,29,36,28,3
8,6,29,37,28,3
9,6,29,38,28,3
9,6,29,39,28,3
8,6,29,40,28,3
8,6,29,41,28,3
8,6,34,43,28,3
8,6,34,44,28,3
8,6,34,45,28,3
8,6,34,46,28,3
8,6,34,48,28,3
8,6,34,49,28,3
8,6,34,50,28,3
8,6,34,51,28,3
8,6,34,52,28,3
8,6,39,53,28,3
8,6,39,54,28,3
8,6,39,55,28,3
8,6,39,56,28,3
8,6,39,57,28,3
8,6,39,58,28,3
8,6,39,59,28,3
8,6,40,0,28,3
8,6,40,1,28,3
8,6,40,2,28,3
8,6,45,4,28,3
8,6,45,5,28,3
8,6,45,6,28,3
8,6,45,7,28,3
8,6,45,8,28,3
8,6,45,9,28,3
7,6,45,10,28,3
7,6,45,11,28,3
7,6,45,12,28,3
7,6,45,13,28,3
8,6,50,15,28,3
8,6,50,16,28,3
8,6,50,17,28,3
8,6,50,18,28,3
8,6,50,19,28,3
8,6,50,20,28,3
8,6,50,21,28,3
8,6,50,22,28,3
8,6,50,23,28,3
8,6,55,25,28,3
8,6,55,26,28,3
8,6,55,27,28,3
8,6,55,28,28,3
8,6,55,29,28,3
8,6,55,30,28,3
8,6,55,31,28,3
8,6,55,32,28,3
8,6,55,33,28,3
8,6,55,34,28,3
7,7,0,36,28,3
7,7,0,37,28,3
7,7,0,38,28,3
7,7,0,39,28,3
7,7,0,40,28,3
7,7,0,41,28,3
7,7,0,42,28,3
7,7,0,43,28,3
7,7,0,44,28,3
7,7,0,45,28,3
6,7,5,47,28,3
6,7,5,48,28,3
6,7,5,49,28,3
6,7,5,50,28,3
6,7,5,51,28,3
6,7,5,52,28,3
6,7,5,53,28,3
6,7,5,54,28,3
6,7,5,55,28,3
6,7,10,57,28,3
6,7,10,58,28,3
6,7,10,59,28,3
6,7,11,0,28,3
6,7,11,1,28,3
6,7,11,2,28,3
6,7,11,3,28,3
6,7,11,4,28,3
6,7,11,5,28,3
6,7,11,6,28,3
7,7,16,9,28,3
7,7,16,10,28,3
7,7,16,11,28,3
7,7,16,12,28,3
7,7,16,13,28,3
7,7,16,14,28,3
7,7,16,15,28,3
7,7,16,16,28,3
7,7,16,17,28,3
7,7,21,19,28,3
7,7,21,20,28,3
7,7,21,21,28,3
7,7,21,22,28,3
7,7,21,23,28,3
7,7,21,24,28,3
7,7,21,25,28,3
7,7,21,26,28,3
7,7,21,27,28,3
7,7,26,29,28,3
7,7,26,30,28,3
7,7,26,31,28,3
7,7,26,32,28,3
7,7,26,33,28,3
7,7,26,34,28,3
7,7,26,35,28,3
7,7,26,36,28,3
7,7,26,37,28,3
7,7,26,38,28,3
7,7,31,40,28,3
7,7,31,41,28,3
7,7,31,42,28,3
7,7,31,43,28,3
7,7,31,45,28,3
7,7,31,46,28,3
7,7,31,47,28,3
7,7,31,48,28,3
7,7,31,49,28,3
7,7,36,50,28,3
7,7,36,51,28,3
7,7,36,52,28,3
7,7,36,53,28,3
7,7,36,54,28,3
7,7,36,55,28,3
7,7,36,56,28,3
7,7,36,57,28,3
7,7,36,58,28,3
7,7,36,59,28,3
7,7,42,1,28,3
7,7,42,2,28,3
7,7,42,3,28,3
7,7,42,4,28,3
7,7,42,5,28,3
7,7,42,6,28,3
7,7,42,7,28,3
7,7,42,8,28,3
7,7,42,9,28,3
7,7,42,10,28,3
7,7,47,13,28,3
7,7,47,14,28,3
7,7,47,15,28,3
7,7,47,16,28,3
7,7,47,17,28,3
7,7,47,18,28,3
7,7,47,19,28,3
7,7,47,20,28,3
7,7,47,21,28,3
7,7,52,22,28,3
7,7,52,23,28,3
7,7,52,24,28,3
7,7,52,25,28,3
7,7,52,26,28,3
7,7,52,27,28,3
7,7,52,28,28,3
7,7,52,29,28,3
7,7,52,30,28,3
7,7,52,31,28,3
6,7,57,34,28,3
6,7,57,35,28,3
6,7,57,36,28,3
6,7,57,38,28,3
6,7,57,39,28,3
6,7,57,40,28,3
5,7,57,41,28,3
5,7,57,42,28,3
4,8,2,44,28,3
4,8,2,45,28,3
4,8,2,46,28,3
4,8,2,47,28,3
4,8,2,48,28,3
4,8,2,49,28,3
4,8,2,50,28,3
4,8,2,51,28,3
4,8,2,52,28,3
4,8,7,54,28,3
4,8,7,55,28,3
4,8,7,56,28,3
4,8,7,57,28,3
4,8,7,58,28,3
4,8,7,59,28,3
4,8,8,0,28,3
4,8,8,1,28,3
4,8,8,2,28,3
4,8,8,3,28,3
4,8,13,6,28,3
4,8,13,7,28,3
4,8,13,8,28,3
4,8,13,9,28,3
4,8,13,10,28,3
4,8,13,11,28,3
4,8,13,12,28,3
4,8,13,13,28,3
4,8,13,14,28,3
4,8,18,15,28,3
4,8,18,16,28,3
4,8,18,17,28,3
4,8,18,18,28,3
4,8,18,19,28,3
4,8,18,20,28,3
4,8,18,21,28,3
4,8,18,22,28,3
4,8,18,23,28,3
4,8,18,24,28,3
4,8,23,26,28,3
4,8,23,27,28,3
4,8,23,28,28,3
4,8,23,29,28,3
4,8,23,30,28,3
4,8,23,31,28,3
4,8,23,32,28,3
4,8,23,33,28,3
4,8,23,34,28,3
4,8,23,35,28,3
3,8,28,38,28,3
3,8,28,39,28,3
3,8,28,40,28,3
3,8,28,41,28,3
3,8,28,42,28,3
3,8,28,43,28,3
3,8,28,44,28,3
3,8,28,45,28,3
3,8,28,46,28,3
3,8,33,47,28,3
3,8,33,48,28,3
3,8,33,49,28,3
3,8,33,50,28,3
3,8,33,51,28,3
3,8,33,52,28,3
3,8,33,53,28,3
3,8,33,54,28,3
3,8,33,55,28,3
3,8,33,56,28,3
4,8,38,58,28,3
4,8,38,59,28,3
4,8,39,0,28,3
4,8,39,1,28,3
4,8,39,2,28,3
4,8,39,3,28,3
4,8,39,4,28,3
4,8,39,5,28,3
4,8,39,6,28,3
4,8,39,7,28,3
4,8,44,10,28,3
4,8,44,11,28,3
4,8,44,12,28,3
4,8,44,13,28,3
4,8,44,14,28,3
4,8,44,15,28,3
4,8,44,16,28,3
4,8,44,17,28,3
4,8,44,18,28,3
4,8,49,19,28,3
4,8,49,20,28,3
4,8,49,21,28,3
4,8,49,22,28,3
4,8,49,23,28,3
4,8,49,24,28,3
4,8,49,25,28,3
4,8,49,26,28,3
4,8,49,27,28,3
4,8,49,28,28,3
4,8,54,31,28,3
4,8,54,32,28,3
4,8,54,33,28,3
4,8,54,34,28,3
4,8,54,35,28,3
4,8,54,36,28,3
4,8,54,37,28,3
4,8,54,38,28,3
4,8,54,39,28,3
4,8,59,41,28,3
4,8,59,42,28,3
4,8,59,43,28,3
4,8,59,44,28,3
4,8,59,45,28,3
4,8,59,46,28,3
4,8,59,47,28,3
4,8,59,48,28,3
4,8,59,49,28,3
4,9,4,51,28,3
4,9,4,52,28,3
4,9,4,53,28,3
4,9,4,54,28,3
4,9,4,55,28,3
4,9,4,56,28,3
4,9,4,57,28,3
4,9,4,58,28,3
4,9,4,59,28,3
4,9,5,0,28,3
4,9,10,3,28,3
4,9,10,4,28,3
4,9,10,5,28,3
4,9,10,6,28,3
4,9,10,7,28,3
4,9,10,8,28,3
4,9,10,9,28,3
4,9,10,10,28,3
4,9,10,11,28,3