28,8,34,47,27,3
28,8,34,48,27,3
28,8,34,49,27,3
28,8,34,50,27,3
29,8,34,51,27,3
29,8,34,52,27,3
29,8,34,53,27,3
29,8,34,54,27,3
29,8,34,55,27,3
29,8,34,56,27,3
28,8,39,59,27,3
28,8,40,0,27,3
28,8,40,1,27,3
28,8,40,2,27,3
28,8,40,3,27,3
28,8,40,4,27,3
28,8,40,5,27,3
28,8,40,6,27,3
28,8,40,7,27,3
27,8,45,9,27,3
27,8,45,10,27,3
27,8,45,11,27,3
27,8,45,12,27,3
28,8,45,13,27,3
28,8,45,14,27,3
28,8,45,15,27,3
28,8,45,16,27,3
28,8,45,17,27,3
28,8,45,18,27,3
27,8,50,19,27,3
27,8,50,20,27,3
27,8,50,21,27,3
27,8,50,22,27,3
27,8,50,23,27,3
27,8,50,24,27,3
27,8,50,25,27,3
27,8,50,26,27,3
27,8,50,27,27,3
27,8,50,28,27,3
27,8,55,31,27,3
27,8,55,32,27,3
27,8,55,33,27,3
27,8,55,34,27,3
27,8,55,35,27,3
27,8,55,36,27,3
27,8,55,37,27,3
27,8,55,38,27,3
27,8,55,39,27,3
28,9,0,40,27,3
28,9,0,42,27,3
28,9,0,43,27,3
28,9,0,44,27,3
28,9,0,45,27,3
28,9,0,46,27,3
28,9,0,47,27,3
28,9,0,48,27,3
28,9,0,49,27,3
28,9,0,50,27,3
28,9,5,51,27,3
28,9,5,52,27,3
28,9,5,53,27,3
28,9,5,54,27,3
28,9,5,55,27,3
28,9,5,56,27,3
28,9,5,57,27,3
28,9,5,58,27,3
28,9,5,59,27,3
28,9,6,0,27,3
29,9,11,3,27,3
29,9,11,4,27,3
29,9,11,5,27,3
29,9,11,6,27,3
29,9,11,7,27,3
29,9,11,8,27,3
29,9,11,9,27,3
29,9,11,10,27,3
29,9,11,11,27,3
30,9,16,12,27,3
30,9,16,14,27,3
30,9,16,15,27,3
30,9,16,16,27,3
30,9,16,17,27,3
30,9,16,18,27,3
30,9,16,19,27,3
30,9,16,20,27,3
30,9,16,21,27,3
30,9,16,22,27,3
30,9,21,24,27,3
30,9,21,25,27,3
30,9,21,26,27,3
30,9,21,27,27,3
30,9,21,28,27,3
30,9,21,29,27,3
30,9,21,30,27,3
30,9,21,31,27,3
30,9,21,32,27,3
31,9,26,35,27,3
31,9,26,36,27,3
31,9,26,37,27,3
31,9,26,38,27,3
31,9,26,39,27,3
31,9,26,40,27,3
31,9,26,41,27,3
31,9,26,42,27,3
31,9,26,43,27,3
32,9,31,44,27,3
32,9,31,45,27,3
32,9,31,46,27,3
32,9,31,47,27,3
32,9,31,48,27,3
32,9,31,49,27,3
32,9,31,50,27,3
32,9,31,52,27,3
32,9,31,53,27,3
32,9,31,54,27,3
32,9,36,56,27,3
32,9,36,57,27,3
32,9,36,58,27,3
32,9,36,59,27,3
32,9,37,0,27,3
32,9,37,1,27,3
34,9,42,7,27,3
34,9,42,8,27,3
34,9,42,9,27,3
34,9,42,10,27,3
34,9,42,11,27,3
34,9,42,12,27,3
34,9,42,13,27,3
34,9,42,14,27,3
34,9,42,15,27,3
34,9,47,16,27,3
34,9,47,17,27,3
34,9,47,18,27,3
34,9,47,19,27,3
34,9,47,20,27,3
34,9,47,21,27,3
34,9,47,22,27,3
34,9,47,23,27,3
34,9,47,24,27,3
34,9,47,25,27,3
35,9,52,28,27,3
35,9,52,29,27,3
35,9,52,30,27,3
35,9,52,31,27,3
35,9,52,32,27,3
35,9,52,33,27,3
35,9,52,34,27,3
35,9,52,35,27,3
35,9,52,36,27,3
35,9,57,38,27,3
35,9,57,39,27,3
35,9,57,40,27,3
35,9,57,41,27,3
35,9,57,42,27,3
35,9,57,43,27,3
35,9,57,44,27,3
35,9,57,45,27,3
35,9,57,46,27,3
35,9,57,47,27,3
35,10,2,48,27,3
35,10,2,49,27,3
35,10,2,50,27,3
35,10,2,51,27,3
35,10,2,52,27,3
35,10,2,53,27,3
35,10,2,54,27,3
35,10,2,55,27,3
35,10,2,56,27,3
35,10,2,57,27,3
35,10,8,0,27,3
35,10,8,1,27,3
35,10,8,2,27,3
35,10,8,3,27,3
35,10,8,4,27,3
35,10,8,5,27,3
35,10,8,6,27,3
35,10,8,7,27,3
35,10,8,8,27,3
34,10,13,10,27,3
34,10,13,11,27,3
34,10,13,12,27,3
34,10,13,13,27,3
34,10,13,14,27,3
34,10,13,15,27,3
34,10,13,16,27,3
34,10,13,17,27,3
34,10,13,18,27,3
34,10,13,19,27,3
34,10,18,24,27,3
34,10,18,25,27,3
34,10,18,26,27,3
34,10,18,27,27,3
34,10,18,28,27,3
34,10,18,29,27,3
35,10,23,32,27,3
35,10,23,33,27,3
35,10,23,34,27,3
35,10,23,35,27,3
35,10,23,36,27,3
35,10,23,37,27,3
35,10,23,38,27,3
35,10,23,39,27,3
35,10,23,40,27,3
31,10,28,42,27,3
31,10,28,43,27,3
31,10,28,44,27,3
31,10,28,45,27,3
31,10,28,46,27,3
31,10,28,47,27,3
31,10,28,48,27,3
31,10,28,49,27,3
31,10,28,50,27,3
31,10,28,51,27,3
30,10,33,53,27,3
31,10,33,54,27,3
31,10,33,55,27,3
31,10,33,56,27,3
31,10,33,57,27,3
31,10,33,58,27,3
31,10,33,59,27,3
31,10,34,0,27,3
31,10,34,1,27,3
34,10,39,4,27,3
34,10,39,5,27,3
34,10,39,6,27,3
34,10,39,7,27,3
34,10,39,8,27,3
34,10,39,9,27,3
34,10,39,10,27,3
34,10,39,11,27,3
34,10,39,12,27,3
33,10,44,13,27,3
33,10,44,14,27,3
33,10,44,15,27,3
33,10,44,16,27,3
33,10,44,17,27,3
33,10,44,18,27,3
33,10,44,19,27,3
33,10,44,20,27,3
34,10,44,21,27,3
34,10,44,23,27,3
34,10,49,25,27,3
34,10,49,26,27,3
34,10,49,27,27,3
34,10,49,28,27,3
34,10,49,29,27,3
34,10,49,30,27,3
34,10,49,31,27,3
34,10,49,32,27,3
34,10,49,33,27,3
33,10,54,35,27,3
33,10,54,36,27,3
33,10,54,37,27,3
33,10,54,38,27,3
33,10,54,39,27,3
33,10,54,40,27,3
33,10,54,41,27,3
33,10,54,42,27,3
33,10,54,43,27,3
33,10,54,44,27,3
34,10,59,45,27,3
34,10,59,47,27,3
34,10,59,48,27,3
34,10,59,49,27,3
34,10,59,50,27,3
34,10,59,51,27,3
34,10,59,52,27,3
34,10,59,53,27,3
34,10,59,54,27,3
34,10,59,55,27,3
33,11,4,57,27,3
33,11,4,58,27,3
33,11,4,59,27,3
33,11,5,0,27,3
33,11,5,1,27,3
33,11,5,2,27,3
33,11,5,3,27,3
33,11,5,4,27,3
33,11,5,5,27,3
34,11,10,8,27,3
34,11,10,9,27,3
34,11,10,10,27,3
34,11,10,11,27,3
34,11,10,12,27,3
34,11,10,13,27,3
34,11,10,14,27,3
34,11,10,15,27,3
34,11,10,16,27,3
35,11,15,18,27,3
35,11,15,19,27,3
35,11,15,20,27,3
35,11,15,21,27,3
35,11,15,22,27,3
35,11,15,23,27,3
35,11,15,24,27,3
35,11,15,25,27,3
35,11,15,26,27,3
35,11,15,27,27,3
34,11,20,29,27,3
34,11,20,30,27,3
34,11,20,31,27,3
34,11,20,32,27,3
34,11,20,33,27,3
34,11,20,34,27,3
34,11,20,35,27,3
34,11,20,36,27,3
34,11,20,37,27,3
34,11,25,39,27,3
34,11,25,40,27,3
34,11,25,41,27,3
34,11,25,42,27,3
34,11,25,43,27,3
34,11,25,44,27,3
34,11,25,45,27,3
34,11,25,46,27,3
34,11,25,47,27,3
34,11,25,48,27,3
35,11,30,50,27,3
35,11,30,51,27,3
35,11,30,52,27,3
35,11,30,53,27,3
35,11,30,54,27,3
35,11,30,55,27,3
35,11,30,56,27,3
35,11,30,57,27,3
35,11,30,58,27,3
35,11,30,59,27,3
36,11,36,1,27,3
36,11,36,2,27,3
36,11,36,3,27,3
36,11,36,4,27,3
36,11,36,5,27,3
36,11,36,6,27,3
36,11,36,7,27,3
36,11,36,8,27,3
36,11,36,9,27,3
41,11,41,12,27,3
41,11,41,13,27,3
41,11,41,14,27,3
41,11,41,15,27,3
41,11,41,16,27,3
41,11,41,17,27,3
41,11,41,18,27,3
41,11,41,19,27,3
41,11,41,20,27,3
37,11,46,22,27,3
37,11,46,23,27,3
37,11,46,24,27,3
37,11,46,25,27,3
37,11,46,26,27,3
37,11,46,27,27,3
37,11,46,28,27,3
37,11,46,29,27,3
37,11,46,30,27,3
37,11,46,31,27,3
37,11,51,33,27,3
37,11,51,34,27,3
37,11,51,35,27,3
37,11,51,36,27,3
37,11,51,37,27,3
37,11,51,38,27,3
37,11,51,39,27,3
38,11,51,40,27,3
37,11,51,41,27,3
37,11,56,43,27,3
37,11,56,44,27,3
37,11,56,45,27,3
37,11,56,46,27,3
37,11,56,47,27,3
37,11,56,48,27,3
37,11,56,49,27,3
37,11,56,50,27,3
37,11,56,51,27,3
37,11,56,52,27,3
36,12,1,57,27,3
36,12,1,58,27,3
36,12,1,59,27,3
36,12,2,0,27,3
36,12,2,1,27,3
36,12,2,3,27,3
36,12,7,5,27,3
36,12,7,6,27,3
36,12,7,7,27,3
36,12,7,8,27,3
36,12,7,9,27,3
36,12,7,10,27,3
35,12,7,11,27,3
35,12,7,12,27,3
35,12,7,13,27,3
35,12,12,15,27,3
35,12,12,16,27,3
35,12,12,17,27,3
35,12,12,18,27,3
35,12,12,19,27,3
35,12,12,20,27,3
35,12,12,21,27,3
35,12,12,22,27,3
35,12,12,23,27,3
35,12,12,24,27,3
35,12,17,31,27,3
35,12,17,33,27,3
35,12,17,34,27,3
35,12,17,35,27,3
34,12,22,37,27,3
34,12,22,38,27,3
34,12,22,39,27,3
34,12,22,40,27,3
34,12,22,41,27,3
34,12,22,42,27,3
34,12,22,43,27,3
34,12,22,44,27,3
34,12,22,45,27,3
33,12,27,47,27,3
33,12,27,48,27,3
33,12,27,49,27,3
33,12,27,50,27,3
33,12,27,51,27,3
33,12,27,52,27,3
33,12,27,53,27,3
33,12,27,54,27,3
34,12,27,55,27,3
33,12,27,56,27,3
33,12,33,0,27,3
33,12,33,1,27,3
33,12,33,2,27,3
33,12,33,3,27,3
33,12,33,4,27,3
33,12,33,5,27,3
33,12,33,6,27,3
33,12,33,7,27,3
32,12,38,9,27,3
32,12,38,10,27,3
32,12,38,11,27,3
32,12,38,12,27,3
32,12,38,13,27,3
32,12,38,14,27,3
32,12,38,15,27,3
32,12,38,16,27,3
32,12,38,17,27,3
32,12,43,19,27,3
32,12,43,20,27,3
32,12,43,21,27,3
32,12,43,22,27,3
32,12,43,23,27,3
32,12,43,24,27,3
32,12,43,25,27,3
32,12,43,26,27,3
32,12,43,27,27,3
32,12,43,28,27,3
32,12,48,30,27,3
32,12,48,31,27,3
32,12,48,32,27,3
32,12,48,33,27,3
32,12,48,34,27,3
32,12,48,35,27,3
32,12,48,36,27,3
32,12,48,37,27,3
32,12,48,38,27,3
31,12,53,40,27,3
31,12,53,41,27,3
31,12,53,42,27,3
31,12,53,43,27,3
31,12,53,44,27,3
31,12,53,45,27,3
31,12,53,46,27,3
31,12,53,47,27,3
31,12,53,48,27,3
31,12,53,49,27,3
30,12,58,51,27,3
30,12,58,52,27,3
30,12,58,53,27,3
30,12,58,54,27,3
30,12,58,55,27,3
30,12,58,56,27,3
30,12,58,57,27,3
30,12,58,58,27,3
30,12,58,59,27,3
30,12,59,0,27,3
30,13,4,2,27,3
30,13,4,3,27,3
30,13,4,4,27,3
30,13,4,5,27,3
30,13,4,6,27,3
30,13,4,7,27,3
30,13,4,8,27,3
30,13,4,9,27,3
30,13,4,10,27,3
30,13,9,12,27,3
30,13,9,13,27,3
30,13,9,14,27,3
30,13,9,15,27,3
30,13,9,16,27,3
30,13,9,17,27,3
30,13,9,18,27,3
30,13,9,19,27,3
30,13,9,20,27,3
30,13,9,21,27,3
29,13,14,23,27,3
29,13,14,24,27,3
29,13,14,25,27,3
29,13,14,26,27,3
29,13,14,27,27,3
29,13,14,28,27,3
29,13,14,29,27,3
29,13,14,30,27,3
29,13,14,31,27,3
29,13,14,32,27,3
29,13,19,34,27,3
29,13,19,35,27,3
29,13,19,36,27,3
30,13,19,37,27,3
30,13,19,38,27,3
30,13,19,39,27,3
30,13,19,40,27,3
30,13,19,41,27,3
30,13,19,42,27,3
29,13,24,44,27,3
29,13,24,45,27,3
29,13,24,46,27,3
29,13,24,47,27,3
29,13,24,48,27,3
29,13,24,49,27,3
29,13,24,50,27,3
29,13,24,51,27,3
29,13,24,52,27,3
29,13,24,53,27,3
29,13,29,56,27,3
29,13,29,57,27,3
29,13,29,58,27,3
29,13,29,59,27,3
29,13,30,0,27,3
29,13,30,1,27,3
29,13,30,2,27,3
29,13,30,3,27,3
29,13,30,4,27,3
29,13,35,6,27,3
29,13,35,7,27,3
29,13,35,8,27,3
29,13,35,9,27,3
29,13,35,10,27,3
29,13,35,11,27,3
29,13,35,12,27,3
29,13,35,13,27,3
29,13,35,14,27,3
29,13,35,15,27,3
29,13,40,22,27,3
29,13,40,23,27,3
29,13,40,24,27,3
29,13,40,25,27,3
29,13,40,26,27,3
29,13,45,28,27,3
29,13,45,29,27,3
29,13,45,30,27,3
29,13,45,31,27,3
29,13,45,32,27,3
29,13,45,33,27,3
29,13,45,34,27,3
29,13,45,35,27,3
29,13,45,36,27,3
29,13,50,38,27,3
29,13,50,39,27,3
29,13,50,40,27,3
29,13,50,41,27,3
29,13,50,42,27,3
29,13,50,43,27,3
29,13,50,44,27,3
29,13,50,45,27,3
29,13,50,46,27,3
29,13,50,47,27,3
28,13,55,49,27,3
28,13,55,50,27,3
28,13,55,51,27,3
28,13,55,52,27,3
28,13,55,53,27,3
28,13,55,54,27,3
28,13,55,55,27,3
28,13,55,56,27,3
28,13,55,57,27,3
28,13,55,58,27,3
29,14,1,0,27,3
29,14,1,1,27,3
29,14,1,2,27,3
29,14,1,3,27,3
29,14,1,4,27,3
29,14,1,5,27,3
29,14,1,6,27,3
29,14,1,7,27,3
29,14,1,8,27,3
27,14,6,10,27,3
28,14,6,11,27,3
28,14,6,12,27,3
28,14,6,13,27,3
28,14,6,14,27,3
28,14,6,15,27,3
28,14,6,16,27,3
28,14,6,17,27,3
28,14,6,18,27,3
28,14,6,19,27,3
28,14,11,21,27,3
27,14,11,22,27,3
28,14,11,23,27,3
28,14,11,24,27,3
28,14,11,25,27,3
28,14,11,26,27,3
28,14,11,27,27,3
28,14,11,28,27,3
27,14,11,29,27,3
27,14,11,30,27,3
26,14,16,32,27,3
26,14,16,33,27,3
26,14,16,34,27,3
26,14,16,35,27,3
26,14,16,36,27,3
26,14,16,37,27,3
26,14,16,38,27,3
26,14,16,39,27,3
26,14,16,40,27,3
25,14,21,42,27,3
25,14,21,43,27,3
25,14,21,44,27,3
25,14,21,45,27,3
25,14,21,46,27,3
25,14,21,47,27,3
25,14,21,48,27,3
25,14,21,49,27,3
25,14,21,50,27,3
25,14,21,51,27,3
24,14,26,53,27,3
24,14,26,54,27,3
24,14,26,55,27,3
24,14,26,56,27,3
24,14,26,57,27,3
24,14,26,58,27,3
24,14,26,59,27,3
24,14,27,0,27,3
24,14,27,1,27,3
24,14,27,2,27,3
25,14,32,4,27,3
25,14,32,5,27,3
25,14,32,6,27,3
25,14,32,7,27,3
25,14,32,8,27,3
25,14,32,9,27,3
25,14,32,10,27,3
25,14,32,11,27,3
25,14,32,12,27,3
24,14,37,14,27,3
24,14,37,15,27,3
24,14,37,16,27,3
24,14,37,17,27,3
24,14,37,18,27,3
24,14,37,19,27,3
24,14,37,20,27,3
24,14,37,21,27,3
24,14,37,22,27,3
24,14,37,23,27,3
24,14,42,26,27,3
24,14,42,27,27,3
24,14,42,28,27,3
24,14,42,29,27,3
24,14,42,30,27,3
24,14,42,31,27,3
24,14,42,32,27,3
24,14,42,33,27,3
24,14,42,34,27,3
24,14,47,35,27,3
24,14,47,36,27,3
24,14,47,37,27,3
24,14,47,38,27,3
24,14,47,39,27,3
24,14,47,40,27,3
24,14,47,41,27,3
24,14,47,42,27,3
24,14,47,43,27,3
24,14,47,44,27,3
24,14,52,46,27,3
24,14,52,47,27,3
24,14,52,48,27,3
24,14,52,49,27,3
24,14,52,50,27,3
24,14,52,51,27,3
24,14,52,52,27,3
24,14,52,53,27,3
24,14,52,54,27,3
24,14,52,55,27,3
23,14,57,58,27,3
23,14,57,59,27,3
23,14,58,0,27,3
23,14,58,1,27,3
23,14,58,2,27,3
23,14,58,3,27,3
23,14,58,4,27,3
23,14,58,5,27,3
23,14,58,6,27,3
24,15,3,7,27,3
24,15,3,8,27,3
24,15,3,9,27,3
24,15,3,10,27,3
24,15,3,11,27,3
24,15,3,12,27,3
24,15,3,13,27,3
24,15,3,14,27,3
24,15,3,15,27,3
24,15,3,16,27,3
23,15,8,18,27,3
23,15,8,19,27,3
23,15,8,20,27,3
23,15,8,21,27,3
23,15,8,22,27,3
23,15,8,23,27,3
23,15,8,24,27,3
23,15,8,25,27,3
23,15,8,26,27,3
23,15,8,27,27,3
24,15,13,30,27,3
24,15,13,31,27,3
24,15,13,32,27,3
24,15,13,33,27,3
24,15,13,34,27,3
24,15,13,35,27,3
24,15,13,36,27,3
24,15,13,37,27,3
24,15,13,38,27,3
23,15,18,39,27,3
23,15,18,40,27,3
23,15,18,41,27,3
23,15,18,42,27,3
23,15,18,43,27,3
23,15,18,44,27,3
23,15,18,45,27,3
23,15,18,46,27,3
23,15,18,47,27,3
23,15,18,48,27,3
23,15,23,51,27,3
23,15,23,52,27,3
23,15,23,53,27,3
23,15,23,54,27,3
23,15,23,55,27,3
23,15,23,56,27,3
23,15,23,57,27,3
23,15,23,58,27,3
23,15,23,59,27,3
23,15,29,1,27,3
23,15,29,2,27,3
23,15,29,3,27,3
23,15,29,4,27,3
23,15,29,5,27,3
23,15,29,6,27,3
23,15,29,7,27,3
23,15,29,8,27,3
23,15,29,9,27,3
23,15,34,11,27,3
23,15,34,12,27,3
23,15,34,13,27,3
23,15,34,14,27,3
23,15,34,15,27,3
23,15,34,16,27,3
23,15,34,17,27,3
23,15,34,18,27,3
23,15,34,19,27,3
23,15,34,20,27,3
22,15,39,23,27,3
22,15,39,24,27,3
22,15,39,25,27,3
22,15,39,26,27,3
22,15,39,27,27,3
22,15,39,28,27,3
22,15,39,29,27,3
22,15,39,30,27,3
22,15,39,31,27,3
22,15,44,32,27,3
22,15,44,33,27,3
22,15,44,34,27,3
22,15,44,35,27,3
22,15,44,36,27,3
22,15,44,37,27,3
22,15,44,38,27,3
22,15,44,39,27,3
22,15,44,40,27,3
22,15,44,41,27,3
22,15,49,43,27,3
22,15,49,44,27,3
22,15,49,45,27,3
22,15,49,46,27,3
22,15,49,47,27,3
22,15,49,48,27,3
22,15,49,49,27,3
22,15,49,50,27,3
22,15,49,51,27,3
22,15,49,52,27,3
22,15,54,55,27,3
22,15,54,56,27,3
22,15,54,57,27,3
22,15,54,58,27,3
22,15,54,59,27,3
22,15,55,0,27,3
22,15,55,1,27,3
22,15,55,2,27,3
22,15,55,3,27,3
22,16,0,4,27,3
22,16,0,5,27,3
22,16,0,6,27,3
22,16,0,7,27,3
22,16,0,8,27,3
22,16,0,9,27,3
22,16,0,10,27,3
22,16,0,11,27,3
22,16,0,12,27,3
22,16,0,13,27,3
22,16,5,16,27,3
22,16,5,17,27,3
22,16,5,18,27,3
22,16,5,19,27,3
22,16,5,20,27,3
22,16,5,21,27,3
22,16,5,22,27,3
22,16,5,23,27,3
22,16,5,24,27,3
22,16,10,27,27,3
22,16,10,28,27,3
22,16,10,29,27,3
22,16,10,30,27,3
22,16,10,31,27,3
22,16,10,32,27,3
22,16,10,33,27,3
22,16,10,34,27,3
22,16,10,35,27,3
22,16,15,36,27,3
22,16,15,37,27,3
22,16,15,38,27,3
22,16,15,39,27,3
22,16,15,40,27,3
22,16,15,41,27,3
21,16,15,42,27,3
21,16,15,43,27,3
21,16,15,44,27,3
21,16,15,45,27,3
22,16,20,48,27,3
22,16,20,49,27,3
22,16,20,50,27,3
21,16,20,51,27,3
21,16,20,52,27,3
21,16,20,53,27,3
21,16,20,54,27,3
21,16,20,55,27,3
21,16,20,56,27,3
21,16,25,57,27,3
21,16,25,58,27,3
21,16,25,59,27,3
21,16,26,0,27,3
21,16,26,1,27,3
21,16,26,2,27,3
21,16,26,3,27,3
21,16,26,4,27,3
21,16,26,5,27,3
21,16,26,6,27,3
21,16,31,8,27,3
21,16,31,9,27,3
21,16,31,10,27,3
21,16,31,11,27,3
21,16,31,12,27,3
21,16,31,13,27,3
21,16,31,14,27,3
21,16,31,15,27,3
21,16,31,16,27,3
21,16,31,17,27,3
20,16,36,20,27,3
20,16,36,21,27,3
20,16,36,22,27,3
20,16,36,23,27,3
20,16,36,24,27,3
20,16,36,25,27,3
20,16,36,26,27,3
20,16,36,27,27,3
20,16,36,28,27,3
20,16,41,29,27,3
20,16,41,30,27,3
20,16,41,31,27,3
20,16,41,32,27,3
20,16,41,33,27,3
20,16,41,34,27,3
20,16,41,35,27,3
20,16,41,36,27,3
20,16,41,37,27,3
20,16,41,38,27,3
19,16,46,41,27,3
19,16,46,42,27,3
19,16,46,43,27,3
19,16,46,44,27,3
19,16,46,45,27,3
19,16,46,46,27,3
19,16,46,47,27,3
19,16,46,48,27,3
19,16,46,49,27,3
19,16,51,52,27,3
19,16,51,53,27,3
18,16,51,54,27,3
19,16,51,55,27,3
18,16,51,56,27,3
19,16,51,57,27,3
18,16,51,58,27,3
18,16,51,59,27,3
18,16,52,0,27,3
19,16,57,1,27,3
19,16,57,2,27,3
19,16,57,3,27,3
19,16,57,4,27,3
19,16,57,5,27,3
19,16,57,6,27,3
19,16,57,7,27,3
19,16,57,8,27,3
19,16,57,9,27,3
19,16,57,10,27,3
18,17,2,13,27,3
18,17,2,14,27,3
18,17,2,15,27,3
18,17,2,16,27,3
18,17,2,17,27,3
18,17,2,18,27,3
18,17,2,19,27,3
18,17,2,20,27,3
18,17,2,21,27,3
19,17,7,22,27,3
19,17,7,23,27,3
19,17,7,24,27,3
19,17,7,25,27,3
19,17,7,26,27,3
19,17,7,27,27,3
19,17,7,29,27,3
19,17,7,30,27,3
19,17,7,31,27,3
19,17,7,32,27,3
18,17,12,33,27,3
18,17,12,34,27,3
18,17,12,35,27,3
18,17,12,36,27,3
18,17,12,37,27,3
18,17,12,38,27,3
18,17,12,39,27,3
18,17,12,40,27,3
18,17,12,41,27,3
18,17,12,42,27,3
17,17,17,45,27,3
17,17,17,46,27,3
17,17,17,47,27,3
17,17,17,48,27,3
17,17,17,49,27,3
17,17,17,50,27,3
17,17,17,51,27,3
17,17,17,52,27,3
17,17,17,53,27,3
18,17,22,54,27,3
18,17,22,55,27,3
18,17,22,56,27,3
18,17,22,57,27,3
18,17,22,58,27,3
18,17,22,59,27,3
18,17,23,0,27,3
18,17,23,1,27,3
18,17,23,2,27,3
18,17,23,3,27,3
17,17,28,6,27,3
17,17,28,7,27,3
17,17,28,8,27,3
17,17,28,9,27,3
17,17,28,10,27,3
17,17,28,11,27,3
17,17,28,12,27,3
17,17,28,13,27,3
17,17,28,14,27,3
17,17,33,16,27,3
17,17,33,17,27,3
17,17,33,18,27,3
17,17,33,19,27,3
17,17,33,20,27,3
17,17,33,21,27,3
17,17,33,22,27,3
17,17,33,23,27,3
17,17,33,24,27,3
17,17,33,25,27,3
17,17,38,26,27,3
17,17,38,27,27,3
17,17,38,28,27,3
17,17,38,29,27,3
17,17,38,30,27,3
17,17,38,31,27,3
17,17,38,32,27,3
17,17,38,33,27,3
17,17,38,34,27,3
17,17,38,35,27,3
17,17,43,38,27,3
17,17,43,39,27,3
17,17,43,40,27,3
17,17,43,41,27,3
17,17,43,42,27,3
17,17,43,43,27,3
17,17,43,44,27,3
17,17,43,45,27,3
17,17,43,46,27,3
17,17,48,48,27,3
17,17,48,49,27,3
17,17,48,50,27,3
17,17,48,51,27,3
17,17,48,52,27,3
17,17,48,53,27,3
17,17,48,54,27,3
17,17,48,55,27,3
17,17,48,56,27,3
17,17,48,57,27,3
16,17,53,58,27,3
16,17,53,59,27,3
16,17,54,0,27,3
16,17,54,1,27,3
16,17,54,2,27,3
16,17,54,3,27,3
16,17,54,4,27,3
16,17,54,5,27,3
16,17,54,6,27,3
16,17,54,7,27,3
16,17,59,10,27,3
16,17,59,11,27,3
16,17,59,12,27,3
16,17,59,13,27,3
16,17,59,14,27,3
16,17,59,15,27,3
16,17,59,16,27,3
16,17,59,17,27,3
16,17,59,18,27,3
16,18,4,20,27,3
16,18,4,21,27,3
16,18,4,22,27,3
16,18,4,23,27,3
16,18,4,24,27,3
16,18,4,25,27,3
16,18,4,26,27,3
16,18,4,27,27,3
16,18,4,28,27,3
16,18,4,29,27,3
16,18,9,30,27,3
16,18,9,31,27,3
16,18,9,32,27,3
16,18,9,33,27,3
16,18,9,34,27,3
16,18,9,35,27,3
16,18,9,36,27,3
16,18,9,37,27,3
16,18,9,38,27,3
16,18,9,39,27,3
15,18,14,42,27,3
15,18,14,43,27,3
15,18,14,44,27,3
15,18,14,45,27,3
15,18,14,46,27,3
15,18,14,47,27,3
15,18,14,48,27,3
15,18,14,49,27,3
15,18,14,50,27,3
15,18,19,52,27,3
15,18,19,53,27,3
15,18,19,54,27,3
15,18,19,55,27,3
15,18,19,56,27,3
15,18,19,57,27,3
15,18,19,58,27,3
15,18,19,59,27,3
15,18,20,0,27,3
15,18,20,1,27,3
16,18,25,2,27,3
16,18,25,3,27,3
16,18,25,4,27,3
16,18,25,5,27,3
16,18,25,6,27,3
16,18,25,7,27,3
16,18,25,8,27,3
16,18,25,9,27,3
16,18,25,10,27,3
16,18,25,11,27,3
15,18,30,14,27,3
15,18,30,15,27,3
15,18,30,16,27,3
15,18,30,17,27,3
15,18,30,18,27,3
15,18,30,19,27,3
15,18,30,20,27,3
15,18,30,21,27,3
15,18,30,22,27,3
15,18,35,24,27,3
15,18,35,25,27,3
15,18,35,26,27,3
15,18,35,27,27,3
15,18,35,28,27,3
15,18,35,29,27,3
15,18,35,30,27,3
15,18,35,31,27,3
15,18,35,32,27,3
15,18,35,33,27,3
15,18,40,34,27,3
15,18,40,35,27,3
15,18,40,36,27,3
15,18,40,37,27,3
15,18,40,38,27,3
15,18,40,39,27,3
15,18,40,40,27,3
15,18,40,41,27,3
15,18,40,42,27,3
15,18,40,43,27,3
14,18,45,46,27,3
14,18,45,47,27,3
14,18,45,48,27,3
14,18,45,49,27,3
14,18,45,50,27,3
14,18,45,51,27,3
14,18,45,52,27,3
14,18,45,53,27,3
14,18,45,54,27,3
15,18,50,56,27,3
15,18,50,57,27,3
15,18,50,58,27,3
15,18,50,59,27,3
15,18,51,0,27,3
15,18,51,1,27,3
15,18,51,2,27,3
15,18,51,3,27,3
15,18,51,4,27,3
15,18,51,5,27,3
14,18,56,11,27,3
14,18,56,12,27,3
14,18,56,13,27,3
14,18,56,14,27,3
14,18,56,15,27,3
14,19,1,18,27,3
14,19,1,19,27,3
14,19,1,20,27,3
14,19,1,21,27,3
15,19,1,22,27,3
15,19,1,23,27,3
15,19,1,24,27,3
15,19,1,25,27,3
15,19,1,26,27,3
13,19,6,28,27,3
13,19,6,29,27,3
13,19,6,30,27,3
13,19,6,31,27,3
13,19,6,32,27,3
13,19,6,33,27,3
13,19,6,34,27,3
13,19,6,35,27,3
13,19,6,36,27,3
13,19,6,37,27,3
14,19,11,39,27,3
14,19,11,44,27,3
14,19,11,45,27,3
14,19,11,46,27,3
14,19,11,47,27,3
13,19,16,50,27,3
13,19,16,51,27,3
13,19,16,52,27,3
13,19,16,53,27,3
14,19,16,54,27,3
14,19,16,55,27,3
13,19,16,56,27,3
13,19,16,57,27,3
13,19,16,58,27,3
14,19,21,59,27,3
14,19,22,0,27,3
14,19,22,1,27,3
14,19,22,2,27,3
14,19,22,3,27,3
14,19,22,4,27,3
14,19,22,5,27,3
14,19,22,6,27,3
14,19,22,8,27,3
14,19,22,9,27,3
13,19,27,11,27,3
13,19,27,12,27,3
13,19,27,13,27,3
13,19,27,14,27,3
13,19,27,15,27,3
13,19,27,16,27,3
13,19,27,17,27,3
13,19,27,18,27,3
13,19,27,19,27,3
13,19,32,21,27,3
13,19,32,22,27,3
13,19,32,23,27,3
13,19,32,24,27,3
13,19,32,25,27,3
13,19,32,26,27,3
12,19,32,27,27,3
12,19,32,28,27,3
12,19,32,29,27,3
12,19,32,30,27,3
13,19,37,31,27,3
13,19,37,32,27,3
13,19,37,33,27,3
13,19,37,34,27,3
13,19,37,35,27,3
13,19,37,36,27,3
13,19,37,37,27,3
13,19,37,38,27,3
13,19,37,39,27,3
13,19,37,40,27,3
13,19,42,43,27,3
13,19,42,44,27,3
13,19,42,45,27,3
13,19,42,46,27,3
13,19,42,47,27,3
13,19,42,48,27,3
13,19,42,49,27,3
13,19,42,50,27,3
13,19,42,51,27,3
13,19,47,53,27,3
13,19,47,54,27,3
13,19,47,55,27,3
13,19,47,56,27,3
13,19,47,57,27,3
13,19,47,58,27,3
13,19,47,59,27,3
13,19,48,0,27,3
13,19,48,1,27,3
13,19,48,2,27,3
13,19,53,3,27,3
13,19,53,4,27,3
13,19,53,5,27,3
13,19,53,6,27,3
13,19,53,7,27,3
13,19,53,8,27,3
13,19,53,9,27,3
13,19,53,10,27,3
13,19,53,11,27,3
13,19,53,12,27,3
12,19,58,15,27,3
12,19,58,16,27,3
12,19,58,17,27,3
12,19,58,18,27,3
12,19,58,19,27,3
12,19,58,20,27,3
12,19,58,21,27,3
12,19,58,22,27,3
12,19,58,23,27,3
13,20,3,25,27,3
13,20,3,26,27,3
13,20,3,27,27,3
13,20,3,28,27,3
13,20,3,29,27,3
13,20,3,30,27,3
13,20,3,31,27,3
13,20,3,32,27,3
13,20,3,33,27,3
13,20,3,34,27,3
14,20,8,35,27,3
14,20,8,36,27,3
14,20,8,37,27,3
14,20,8,38,27,3
14,20,8,39,27,3
13,20,8,40,27,3
14,20,8,41,27,3
14,20,8,42,27,3
14,20,8,43,27,3
14,20,8,44,27,3
13,20,13,47,27,3
13,20,13,48,27,3
13,20,13,49,27,3
13,20,13,50,27,3
13,20,13,51,27,3
13,20,13,52,27,3
13,20,13,53,27,3
13,20,13,54,27,3
13,20,13,55,27,3
14,20,18,57,27,3
14,20,18,58,27,3
14,20,18,59,27,3
14,20,19,0,27,3
14,20,19,1,27,3
14,20,19,2,27,3
14,20,19,3,27,3
14,20,19,4,27,3
14,20,19,5,27,3
14,20,19,6,27,3
14,20,24,13,27,3
14,20,24,14,27,3
14,20,24,15,27,3
14,20,24,16,27,3
14,20,29,19,27,3
14,20,29,20,27,3
14,20,29,21,27,3
14,20,29,22,27,3
14,20,29,23,27,3
14,20,29,24,27,3
14,20,29,25,27,3
14,20,29,26,27,3
14,20,29,27,27,3
14,20,34,29,27,3
14,20,34,30,27,3
14,20,34,31,27,3
14,20,34,32,27,3
14,20,34,33,27,3
14,20,34,34,27,3
14,20,34,35,27,3
14,20,34,36,27,3
14,20,34,37,27,3
14,20,34,38,27,3
14,20,39,40,27,3
14,20,39,41,27,3
14,20,39,42,27,3
14,20,39,43,27,3
14,20,39,44,27,3
14,20,39,45,27,3
14,20,39,46,27,3
14,20,39,47,27,3
14,20,39,48,27,3
13,20,44,50,27,3
13,20,44,51,27,3
13,20,44,52,27,3
13,20,44,53,27,3
13,20,44,54,27,3
13,20,44,55,27,3
13,20,44,56,27,3
13,20,44,57,27,3
13,20,44,58,27,3
13,20,44,59,27,3
14,20,50,1,27,3
14,20,50,2,27,3
14,20,50,3,27,3
14,20,50,4,27,3
14,20,50,5,27,3
14,20,50,6,27,3
14,20,50,7,27,3
14,20,50,8,27,3
14,20,50,9,27,3
14,20,50,10,27,3
14,20,55,12,27,3
14,20,55,13,27,3
14,20,55,14,27,3
14,20,55,15,27,3
14,20,55,16,27,3
14,20,55,17,27,3
14,20,55,18,27,3
14,20,55,19,27,3
14,20,55,20,27,3
14,21,0,23,27,3
14,21,0,24,27,3
14,21,0,25,27,3
14,21,0,26,27,3
14,21,0,27,27,3
14,21,0,28,27,3
14,21,0,29,27,3
14,21,0,30,27,3
13,21,0,31,27,3
14,21,5,33,27,3
14,21,5,34,27,3
14,21,5,35,27,3
14,21,5,36,27,3
14,21,5,37,27,3
14,21,5,38,27,3
14,21,5,39,27,3
14,21,5,40,27,3
14,21,5,41,27,3
14,21,5,42,27,3
14,21,10,44,27,3
14,21,10,45,27,3
14,21,10,46,27,3
14,21,10,47,27,3
14,21,10,48,27,3
14,21,10,49,27,3
14,21,10,50,27,3
14,21,10,51,27,3
14,21,10,52,27,3
14,21,15,54,27,3
14,21,15,55,27,3
14,21,15,56,27,3
14,21,15,57,27,3
14,21,15,58,27,3
14,21,15,59,27,3
14,21,16,0,27,3
14,21,16,1,27,3
14,21,16,2,27,3
14,21,16,3,27,3
14,21,21,5,27,3
14,21,21,6,27,3
14,21,21,7,27,3
14,21,21,8,27,3
14,21,21,9,27,3
14,21,21,10,27,3
14,21,21,11,27,3
14,21,21,12,27,3
14,21,21,13,27,3
14,21,21,14,27,3
14,21,26,16,27,3
14,21,26,17,27,3
14,21,26,18,27,3
14,21,26,19,27,3
14,21,26,20,27,3
14,21,26,21,27,3
14,21,26,22,27,3
14,21,26,23,27,3
14,21,26,24,27,3
14,21,31,26,27,3
14,21,31,27,27,3
14,21,31,28,27,3
14,21,31,29,27,3
14,21,31,30,27,3
14,21,31,31,27,3
14,21,31,32,27,3
14,21,31,33,27,3
14,21,31,34,27,3
14,21,31,35,27,3
14,21,36,37,27,3
14,21,36,38,27,3
14,21,36,39,27,3
14,21,36,40,27,3
14,21,36,41,27,3
14,21,36,42,27,3
14,21,36,43,27,3
14,21,36,44,27,3
14,21,36,45,27,3
14,21,36,46,27,3
15,21,41,48,27,3
15,21,41,49,27,3
15,21,41,50,27,3
15,21,41,51,27,3
15,21,41,52,27,3
15,21,41,53,27,3
15,21,41,54,27,3
15,21,41,55,27,3
15,21,41,56,27,3
15,21,46,58,27,3
15,21,46,59,27,3
15,21,47,0,27,3
15,21,47,1,27,3
15,21,47,2,27,3
15,21,47,3,27,3
15,21,47,4,27,3
15,21,47,5,27,3
15,21,47,6,27,3
15,21,47,7,27,3
16,21,52,9,27,3
16,21,52,10,27,3
16,21,52,11,27,3
16,21,52,12,27,3
16,21,52,13,27,3
16,21,52,14,27,3
16,21,52,15,27,3
16,21,52,16,27,3
16,21,52,17,27,3
16,21,52,18,27,3
16,21,57,20,27,3
16,21,57,21,27,3
16,21,57,22,27,3
16,21,57,23,27,3
16,21,57,24,27,3
16,21,57,25,27,3
16,21,57,26,27,3
16,21,57,27,27,3
16,21,57,28,27,3
15,22,2,30,27,3
16,22,2,31,27,3
16,22,2,32,27,3
16,22,2,33,27,3
16,22,2,34,27,3
16,22,2,35,27,3
15,22,2,36,27,3
15,22,2,37,27,3
15,22,2,38,27,3
16,22,2,39,27,3
16,22,7,41,27,3
16,22,7,42,27,3
16,22,7,43,27,3
16,22,7,44,27,3
16,22,7,45,27,3
16,22,7,46,27,3
16,22,7,47,27,3
16,22,7,48,27,3
16,22,7,49,27,3
16,22,7,50,27,3
16,22,12,52,27,3
16,22,12,53,27,3
16,22,12,54,27,3
16,22,12,55,27,3
16,22,12,56,27,3
16,22,12,57,27,3
16,22,12,58,27,3
16,22,12,59,27,3
16,22,13,0,27,3
17,22,18,2,27,3
17,22,18,3,27,3
17,22,18,4,27,3
17,22,18,5,27,3
17,22,18,6,27,3
17,22,18,7,27,3
17,22,18,8,27,3
17,22,18,9,27,3
17,22,18,10,27,3
17,22,18,11,27,3
17,22,23,13,27,3
17,22,23,14,27,3
17,22,23,15,27,3
17,22,23,16,27,3
17,22,23,17,27,3
17,22,23,18,27,3
17,22,23,19,27,3
17,22,23,20,27,3
17,22,23,21,27,3
17,22,23,22,27,3
17,22,28,24,27,3
17,22,28,25,27,3
17,22,28,26,27,3
17,22,28,27,27,3
17,22,28,28,27,3
17,22,28,29,27,3
17,22,28,30,27,3
17,22,28,31,27,3
17,22,28,32,27,3
17,22,33,34,27,3
17,22,33,35,27,3
17,22,33,36,27,3
17,22,33,37,27,3
17,22,33,38,27,3
17,22,33,39,27,3
17,22,33,40,27,3
17,22,33,41,27,3
17,22,33,42,27,3
17,22,33,43,27,3
16,22,38,45,27,3
16,22,38,46,27,3
17,22,38,47,27,3
16,22,38,48,27,3
17,22,38,49,27,3
17,22,38,50,27,3
16,22,38,51,27,3
17,22,38,52,27,3
16,22,38,53,27,3
16,22,38,54,27,3
16,22,43,56,27,3
16,22,43,57,27,3
16,22,43,58,27,3
16,22,43,59,27,3
16,22,44,0,27,3
16,22,44,1,27,3
16,22,44,2,27,3
16,22,44,3,27,3
16,22,44,4,27,3
15,22,49,6,27,3
15,22,49,7,27,3
15,22,49,8,27,3
15,22,49,9,27,3
15,22,49,10,27,3
15,22,49,11,27,3
15,22,49,12,27,3
15,22,49,13,27,3
15,22,49,14,27,3
15,22,49,15,27,3
14,22,54,18,27,3
14,22,54,19,27,3
14,22,54,20,27,3
14,22,54,21,27,3
14,22,54,22,27,3
14,22,54,23,27,3
14,22,54,24,27,3
14,22,54,25,27,3
14,22,54,26,27,3
13,22,59,28,27,3
13,22,59,29,27,3
13,22,59,30,27,3
13,22,59,31,27,3
13,22,59,32,27,3
13,22,59,33,27,3
13,22,59,34,27,3
13,22,59,35,27,3
13,22,59,36,27,3
13,23,4,38,27,3
13,23,4,39,27,3
13,23,4,40,27,3
13,23,4,41,27,3
13,23,4,42,27,3
13,23,4,43,27,3
13,23,4,44,27,3
13,23,4,45,27,3
13,23,4,46,27,3
13,23,4,47,27,3
12,23,9,50,27,3
12,23,9,51,27,3
12,23,9,52,27,3
12,23,9,53,27,3
12,23,9,54,27,3
12,23,9,55,27,3
12,23,9,56,27,3
12,23,9,57,27,3
12,23,9,58,27,3
11,23,14,59,27,3
11,23,15,0,27,3
11,23,15,1,27,3
11,23,15,2,27,3
11,23,15,3,27,3
11,23,15,4,27,3
11,23,15,5,27,3
11,23,15,6,27,3
11,23,15,7,27,3
11,23,15,8,27,3
11,23,22,13,27,3
11,23,22,14,27,3
11,23,22,15,27,3
11,23,22,16,27,3
11,23,22,17,27,3
11,23,22,18,27,3
11,23,22,19,27,3
11,23,22,20,27,3
11,23,22,21,27,3
11,23,22,22,27,3
11,23,27,25,27,3
11,23,27,26,27,3
11,23,27,27,27,3
11,23,27,28,27,3
11,23,27,29,27,3
11,23,27,32,27,3
11,23,27,33,27,3
11,23,32,36,27,3
11,23,32,37,27,3
11,23,32,38,27,3
11,23,32,39,27,3
11,23,32,40,27,3
11,23,32,41,27,3
11,23,32,42,27,3
11,23,32,43,27,3
11,23,32,44,27,3
11,23,37,45,27,3
11,23,37,46,27,3
11,23,37,47,27,3
11,23,37,48,27,3
11,23,37,49,27,3
11,23,37,50,27,3
11,23,37,51,27,3
11,23,37,52,27,3
11,23,37,53,27,3
11,23,37,54,27,3
11,23,42,57,27,3
11,23,42,58,27,3
11,23,42,59,27,3
10,23,43,0,27,3
10,23,43,1,27,3
10,23,43,2,27,3
10,23,43,3,27,3
11,23,43,4,27,3
11,23,43,5,27,3
10,23,48,7,27,3
10,23,48,8,27,3
10,23,48,9,27,3
10,23,48,10,27,3
10,23,48,11,27,3
10,23,48,12,27,3
10,23,48,13,27,3
10,23,48,14,27,3
10,23,48,15,27,3
10,23,48,16,27,3
10,23,53,17,27,3
10,23,53,18,27,3
10,23,53,19,27,3
10,23,53,20,27,3
10,23,53,21,27,3
10,23,53,22,27,3
10,23,53,23,27,3
10,23,53,24,27,3
10,23,53,25,27,3
10,23,53,26,27,3
10,23,58,29,27,3
10,23,58,30,27,3
10,23,58,31,27,3
10,23,58,32,27,3
10,23,58,33,27,3
10,23,58,34,27,3
10,23,58,35,27,3
10,23,58,36,27,3
10,23,58,37,27,3
10,0,3,39,28,3
10,0,3,40,28,3
10,0,3,41,28,3
10,0,3,42,28,3
10,0,3,43,28,3
10,0,3,44,28,3
10,0,3,45,28,3
10,0,3,46,28,3
10,0,3,47,28,3
10,0,3,48,28,3
11,0,8,49,28,3
11,0,8,50,28,3
11,0,8,51,28,3
11,0,8,52,28,3
11,0,8,53,28,3
11,0,8,54,28,3
11,0,8,55,28,3
11,0,8,56,28,3
11,0,8,57,28,3
11,0,8,58,28,3
10,0,14,1,28,3
10,0,14,2,28,3
10,0,14,3,28,3
10,0,14,4,28,3
10,0,14,5,28,3
10,0,14,6,28,3
10,0,14,7,28,3
10,0,14,8,28,3
10,0,14,9,28,3
11,0,19,11,28,3
11,0,19,12,28,3
11,0,19,13,28,3
11,0,19,14,28,3
11,0,19,15,28,3
11,0,19,16,28,3
11,0,19,17,28,3
11,0,19,18,28,3
11,0,19,19,28,3
11,0,19,20,28,3
11,0,24,21,28,3
11,0,24,22,28,3
11,0,24,23,28,3
11,0,24,24,28,3
11,0,24,25,28,3
11,0,24,26,28,3
11,0,24,27,28,3
11,0,24,28,28,3
11,0,24,29,28,3
11,0,24,30,28,3
12,0,29,33,28,3
12,0,29,34,28,3
12,0,29,35,28,3
12,0,29,36,28,3
12,0,29,37,28,3
12,0,29,38,28,3
12,0,29,39,28,3
12,0,29,40,28,3
12,0,29,41,28,3
12,0,34,44,28,3
12,0,34,45,28,3
12,0,34,46,28,3
12,0,34,47,28,3
12,0,34,48,28,3
12,0,34,49,28,3
12,0,34,50,28,3
12,0,34,51,28,3
12,0,34,52,28,3
12,0,39,53,28,3
12,0,39,54,28,3
12,0,39,55,28,3
12,0,39,56,28,3
12,0,39,57,28,3
12,0,39,58,28,3
12,0,39,59,28,3
12,0,40,0,28,3
12,0,40,1,28,3
12,0,40,2,28,3
13,0,45,5,28,3
13,0,45,6,28,3
13,0,45,7,28,3
13,0,45,8,28,3
13,0,45,9,28,3
13,0,45,10,28,3
13,0,45,11,28,3
13,0,45,12,28,3
13,0,45,13,28,3
13,0,50,16,28,3
13,0,50,17,28,3
13,0,50,18,28,3
13,0,50,19,28,3
13,0,50,20,28,3
13,0,50,21,28,3
13,0,50,22,28,3
13,0,50,23,28,3
13,0,50,24,28,3
13,0,55,25,28,3
13,0,55,26,28,3
13,0,55,27,28,3
13,0,55,28,28,3
13,0,55,29,28,3
13,0,55,30,28,3
13,0,55,31,28,3
13,0,55,32,28,3
13,0,55,33,28,3
13,0,55,34,28,3
13,1,0,37,28,3
13,1,0,38,28,3
13,1,0,39,28,3
13,1,0,40,28,3
13,1,0,41,28,3
13,1,0,42,28,3
13,1,0,43,28,3
13,1,0,44,28,3
13,1,0,45,28,3
12,1,5,47,28,3
12,1,5,48,28,3
12,1,5,49,28,3
12,1,5,50,28,3
12,1,5,51,28,3
12,1,5,52,28,3
12,1,5,53,28,3
12,1,5,54,28,3
12,1,5,55,28,3
12,1,5,56,28,3
12,1,11,0,28,3
12,1,11,1,28,3
12,1,11,2,28,3
12,1,11,3,28,3
12,1,11,4,28,3
12,1,11,5,28,3
12,1,11,6,28,3
12,1,16,9,28,3
12,1,16,10,28,3
12,1,16,11,28,3
12,1,16,12,28,3
12,1,16,13,28,3
12,1,16,14,28,3
12,1,16,15,28,3
12,1,16,16,28,3
12,1,16,17,28,3
12,1,21,18,28,3
12,1,21,20,28,3
12,1,21,21,28,3
12,1,21,22,28,3
12,1,21,23,28,3
12,1,21,24,28,3
12,1,21,25,28,3
12,1,21,26,28,3
12,1,21,27,28,3
12,1,21,28,28,3
11,1,26,30,28,3
11,1,26,31,28,3
11,1,26,32,28,3
11,1,26,33,28,3
11,1,26,34,28,3
11,1,26,35,28,3
11,1,26,36,28,3
11,1,26,37,28,3
11,1,26,38,28,3
11,1,31,41,28,3
11,1,31,42,28,3
11,1,31,43,28,3
11,1,31,44,28,3
11,1,31,45,28,3
11,1,31,46,28,3
11,1,31,47,28,3
11,1,31,48,28,3
11,1,31,49,28,3
11,1,36,50,28,3
11,1,36,51,28,3
11,1,36,52,28,3
11,1,36,53,28,3
11,1,36,54,28,3
11,1,36,55,28,3
11,1,36,56,28,3
11,1,36,57,28,3
11,1,36,58,28,3
11,1,36,59,28,3
11,1,42,2,28,3
11,1,42,3,28,3
11,1,42,4,28,3
11,1,42,5,28,3
11,1,42,6,28,3
11,1,42,7,28,3
11,1,42,8,28,3
11,1,42,9,28,3
11,1,42,10,28,3
11,1,47,13,28,3
11,1,47,14,28,3
11,1,47,15,28,3
11,1,47,16,28,3
11,1,47,17,28,3
11,1,47,18,28,3
11,1,47,19,28,3
11,1,47,20,28,3
11,1,47,21,28,3
11,1,52,22,28,3
11,1,52,23,28,3
11,1,52,24,28,3
11,1,52,26,28,3
11,1,52,27,28,3
11,1,52,28,28,3
11,1,52,29,28,3
11,1,52,30,28,3
11,1,52,31,28,3
11,1,52,32,28,3
11,1,57,34,28,3
11,1,57,35,28,3
11,1,57,36,28,3
11,1,57,37,28,3
11,1,57,38,28,3
11,1,57,39,28,3
11,1,57,40,28,3
11,1,57,41,28,3
11,1,57,42,28,3
11,2,2,44,28,3
11,2,2,45,28,3
11,2,2,46,28,3
11,2,2,47,28,3
11,2,2,48,28,3
11,2,2,49,28,3
11,2,2,50,28,3
11,2,2,51,28,3
11,2,2,52,28,3
11,2,2,53,28,3
12,2,7,54,28,3
12,2,7,55,28,3
12,2,7,56,28,3
12,2,7,57,28,3
12,2,7,58,28,3
12,2,7,59,28,3
12,2,8,0,28,3
12,2,8,1,28,3
12,2,8,3,28,3
12,2,8,4,28,3
16,2,13,6,28,3
16,2,13,7,28,3
16,2,13,8,28,3
16,2,13,9,28,3
16,2,13,10,28,3
16,2,13,11,28,3
16,2,13,12,28,3
16,2,13,13,28,3
16,2,13,14,28,3
13,2,18,16,28,3
13,2,18,17,28,3
13,2,18,18,28,3
13,2,18,19,28,3
13,2,18,20,28,3
13,2,18,21,28,3
13,2,18,22,28,3
13,2,18,23,28,3
13,2,18,24,28,3
13,2,18,25,28,3
13,2,23,29,28,3
14,2,23,30,28,3
14,2,23,31,28,3
14,2,23,32,28,3
14,2,23,33,28,3
14,2,23,34,28,3
14,2,23,35,28,3
14,2,28,38,28,3
14,2,28,39,28,3
14,2,28,40,28,3
14,2,28,41,28,3
14,2,28,42,28,3
14,2,28,43,28,3
14,2,28,44,28,3
14,2,28,45,28,3
14,2,28,46,28,3
14,2,33,48,28,3
14,2,33,49,28,3
14,2,33,50,28,3
14,2,33,51,28,3
14,2,33,52,28,3
14,2,33,53,28,3
14,2,33,54,28,3
14,2,33,55,28,3
14,2,33,56,28,3
14,2,33,57,28,3
14,2,38,59,28,3
14,2,39,0,28,3
14,2,39,1,28,3
14,2,39,2,28,3
14,2,39,3,28,3
14,2,39,4,28,3
14,2,39,5,28,3
14,2,39,6,28,3
14,2,39,7,28,3
14,2,44,10,28,3
14,2,44,11,28,3
14,2,44,12,28,3
14,2,44,13,28,3
14,2,44,14,28,3
14,2,44,15,28,3
14,2,44,16,28,3
14,2,44,17,28,3
14,2,44,18,28,3
14,2,49,20,28,3
14,2,49,21,28,3
14,2,49,22,28,3
14,2,49,23,28,3
14,2,49,24,28,3
14,2,49,25,28,3
14,2,49,26,28,3
14,2,49,27,28,3
14,2,49,28,28,3
14,2,49,29,28,3
14,2,54,31,28,3
14,2,54,32,28,3
14,2,54,33,28,3
14,2,54,34,28,3
14,2,54,35,28,3
14,2,54,36,28,3
14,2,54,37,28,3
14,2,54,38,28,3
14,2,54,39,28,3
13,2,59,41,28,3
13,2,59,42,28,3
13,2,59,43,28,3
13,2,59,44,28,3
13,2,59,45,28,3
13,2,59,46,28,3
13,2,59,47,28,3
13,2,59,48,28,3
13,2,59,49,28,3
13,2,59,50,28,3
14,3,4,52,28,3
14,3,4,53,28,3
14,3,4,54,28,3
14,3,4,55,28,3
14,3,4,56,28,3
14,3,4,57,28,3
14,3,4,58,28,3
14,3,4,59,28,3
14,3,5,0,28,3
14,3,5,1,28,3
14,3,10,3,28,3
14,3,10,4,28,3
14,3,10,5,28,3
14,3,10,6,28,3
14,3,10,7,28,3
14,3,10,8,28,3
14,3,10,9,28,3
14,3,10,10,28,3
14,3,10,11,28,3
15,3,15,13,28,3
15,3,15,14,28,3
15,3,15,15,28,3
15,3,15,16,28,3
15,3,15,17,28,3
15,3,15,18,28,3
15,3,15,19,28,3
15,3,15,20,28,3
15,3,15,21,28,3
15,3,15,22,28,3
14,3,20,24,28,3
14,3,20,25,28,3
14,3,20,26,28,3
14,3,20,27,28,3
14,3,20,28,28,3
14,3,20,29,28,3
14,3,20,30,28,3
14,3,20,31,28,3
14,3,20,32,28,3
14,3,20,33,28,3
14,3,25,35,28,3
14,3,25,36,28,3
14,3,25,37,28,3
14,3,25,38,28,3
14,3,25,39,28,3
14,3,25,40,28,3
14,3,25,41,28,3
14,3,25,42,28,3
14,3,25,43,28,3
12,3,30,45,28,3
12,3,30,46,28,3
12,3,30,47,28,3
12,3,30,48,28,3
12,3,30,49,28,3
12,3,30,50,28,3
12,3,30,51,28,3
12,3,30,52,28,3
12,3,30,53,28,3
12,3,30,54,28,3
13,3,35,56,28,3
13,3,35,57,28,3
13,3,35,58,28,3
13,3,35,59,28,3
13,3,36,0,28,3
13,3,36,1,28,3
13,3,36,2,28,3
13,3,36,3,28,3
13,3,36,4,28,3
13,3,41,7,28,3
13,3,41,8,28,3
13,3,41,9,28,3
13,3,41,10,28,3
13,3,41,11,28,3
13,3,41,12,28,3
13,3,41,13,28,3
13,3,41,14,28,3
13,3,41,15,28,3
14,3,46,17,28,3
13,3,46,18,28,3
13,3,46,19,28,3
13,3,46,20,28,3
13,3,46,21,28,3
13,3,46,22,28,3
13,3,46,23,28,3
13,3,46,24,28,3
13,3,46,25,28,3
13,3,46,26,28,3
14,3,51,28,28,3
14,3,51,29,28,3
14,3,51,30,28,3
14,3,51,31,28,3
14,3,51,32,28,3
14,3,51,33,28,3
14,3,51,34,28,3
14,3,51,35,28,3
14,3,51,36,28,3
15,3,56,38,28,3
15,3,56,39,28,3
15,3,56,40,28,3
15,3,56,41,28,3
15,3,56,42,28,3
15,3,56,43,28,3
15,3,56,44,28,3
15,3,56,45,28,3
15,3,56,46,28,3
15,3,56,47,28,3
15,4,1,49,28,3
15,4,1,50,28,3
15,4,1,51,28,3
15,4,1,52,28,3
15,4,1,53,28,3
15,4,1,54,28,3
15,4,1,55,28,3
15,4,1,56,28,3
15,4,1,57,28,3
15,4,1,58,28,3
15,4,7,0,28,3
15,4,7,1,28,3
15,4,7,2,28,3
15,4,7,3,28,3
15,4,7,4,28,3
15,4,7,5,28,3
15,4,7,6,28,3
15,4,7,7,28,3
15,4,7,8,28,3
15,4,12,10,28,3
15,4,12,11,28,3
15,4,12,12,28,3
15,4,12,13,28,3
15,4,12,14,28,3
15,4,12,15,28,3
15,4,12,16,28,3
15,4,12,17,28,3
15,4,12,18,28,3
15,4,12,19,28,3
14,4,17,21,28,3
14,4,17,22,28,3
14,4,17,23,28,3
14,4,17,24,28,3
14,4,17,25,28,3
14,4,17,26,28,3
14,4,17,27,28,3
14,4,17,28,28,3
14,4,17,29,28,3
15,4,22,31,28,3
15,4,22,32,28,3
15,4,22,33,28,3
15,4,22,34,28,3
15,4,22,35,28,3
15,4,22,36,28,3
15,4,22,37,28,3
15,4,22,38,28,3
15,4,22,39,28,3
15,4,22,40,28,3
15,4,27,42,28,3
15,4,27,43,28,3
15,4,27,44,28,3
15,4,27,45,28,3
15,4,27,46,28,3
15,4,27,47,28,3
15,4,27,48,28,3
15,4,27,49,28,3
15,4,27,50,28,3
15,4,27,51,28,3
16,4,32,53,28,3
16,4,32,54,28,3
16,4,32,55,28,3
16,4,32,56,28,3
16,4,32,57,28,3
16,4,32,58,28,3
16,4,32,59,28,3
16,4,33,0,28,3
16,4,33,1,28,3
16,4,38,3,28,3
17,4,38,4,28,3
17,4,38,5,28,3
17,4,38,6,28,3
17,4,38,7,28,3
17,4,38,8,28,3
17,4,38,9,28,3
16,4,38,10,28,3
16,4,38,11,28,3
17,4,38,12,28,3
17,4,43,15,28,3
17,4,43,16,28,3
17,4,43,17,28,3
17,4,43,18,28,3
17,4,43,19,28,3
17,4,43,20,28,3
17,4,43,21,28,3
17,4,43,22,28,3
17,4,43,23,28,3
16,4,48,25,28,3
16,4,48,26,28,3
16,4,48,27,28,3
16,4,48,28,28,3
16,4,48,29,28,3
16,4,48,30,28,3
16,4,48,31,28,3
16,4,48,32,28,3
16,4,48,33,28,3
17,4,53,35,28,3
17,4,53,36,28,3
17,4,53,37,28,3
17,4,53,38,28,3
17,4,53,39,28,3
17,4,53,40,28,3
17,4,53,41,28,3
17,4,53,42,28,3
17,4,53,43,28,3
17,4,53,44,28,3
17,4,58,47,28,3
17,4,58,48,28,3
17,4,58,49,28,3
17,4,58,50,28,3
17,4,58,51,28,3
17,4,58,52,28,3
17,4,58,53,28,3
17,4,58,54,28,3
17,4,58,55,28,3
16,5,3,57,28,3
16,5,3,58,28,3
16,5,3,59,28,3
16,5,4,0,28,3
16,5,4,1,28,3
16,5,4,2,28,3
16,5,4,3,28,3
16,5,4,4,28,3
16,5,4,5,28,3
16,5,9,7,28,3
16,5,9,8,28,3
16,5,9,9,28,3
16,5,9,10,28,3
16,5,9,11,28,3
16,5,9,12,28,3
16,5,9,13,28,3
16,5,9,14,28,3
16,5,9,15,28,3
16,5,9,16,28,3
16,5,14,19,28,3
16,5,14,20,28,3
16,5,14,21,28,3
16,5,14,22,28,3
16,5,14,23,28,3
16,5,14,24,28,3
16,5,14,25,28,3
16,5,14,26,28,3
16,5,14,27,28,3
16,5,19,29,28,3
16,5,19,30,28,3
16,5,19,31,28,3
16,5,19,32,28,3
16,5,19,33,28,3
16,5,19,34,28,3
16,5,19,35,28,3
16,5,19,36,28,3
16,5,19,37,28,3
16,5,24,39,28,3
16,5,24,40,28,3
16,5,24,41,28,3
16,5,24,42,28,3
16,5,24,43,28,3
16,5,24,44,28,3
16,5,24,45,28,3
16,5,24,46,28,3
16,5,24,47,28,3
16,5,24,48,28,3
15,5,29,51,28,3
15,5,29,52,28,3
15,5,29,53,28,3
15,5,29,54,28,3
15,5,29,55,28,3
15,5,29,56,28,3
15,5,29,57,28,3
15,5,29,58,28,3
15,5,29,59,28,3
16,5,35,1,28,3
16,5,35,2,28,3
16,5,35,3,28,3
16,5,35,4,28,3
16,5,35,5,28,3
16,5,35,6,28,3
16,5,35,7,28,3
16,5,35,8,28,3
16,5,35,9,28,3
21,5,40,11,28,3
21,5,40,12,28,3
21,5,40,13,28,3
21,5,40,14,28,3
21,5,40,15,28,3
21,5,40,16,28,3
21,5,40,17,28,3
21,5,40,18,28,3
21,5,40,19,28,3
21,5,40,20,28,3
29,5,45,23,28,3
29,5,45,24,28,3
29,5,45,25,28,3
29,5,45,26,28,3
29,5,45,27,28,3
29,5,45,28,28,3
30,5,45,29,28,3
30,5,45,30,28,3
30,5,45,31,28,3
23,5,50,33,28,3
24,5,50,34,28,3
24,5,50,35,28,3
24,5,50,36,28,3
24,5,50,37,28,3
24,5,50,38,28,3
24,5,50,39,28,3
24,5,50,40,28,3
24,5,50,41,28,3
22,5,55,43,28,3
22,5,55,44,28,3
22,5,55,45,28,3
22,5,55,46,28,3
22,5,55,47,28,3
22,5,55,48,28,3
22,5,55,49,28,3
22,5,55,50,28,3
22,5,55,51,28,3
22,5,55,52,28,3
41,6,0,55,28,3
41,6,0,56,28,3
40,6,0,57,28,3
40,6,0,58,28,3
39,6,0,59,28,3
38,6,1,0,28,3
37,6,1,1,28,3
36,6,1,2,28,3
35,6,1,3,28,3
22,6,6,4,28,3
22,6,6,5,28,3
22,6,6,6,28,3
22,6,6,7,28,3
22,6,6,8,28,3
22,6,6,9,28,3
22,6,6,10,28,3
22,6,6,11,28,3
22,6,6,12,28,3
22,6,6,13,28,3
26,6,11,16,28,3
26,6,11,17,28,3
26,6,11,18,28,3
26,6,11,19,28,3
26,6,11,20,28,3
26,6,11,21,28,3
18,6,16,26,28,3
18,6,16,27,28,3
18,6,16,28,28,3
18,6,16,29,28,3
18,6,16,30,28,3
18,6,16,31,28,3
18,6,16,32,28,3
18,6,16,33,28,3
18,6,16,35,28,3
17,6,21,36,28,3
17,6,21,37,28,3
17,6,21,38,28,3
17,6,21,39,28,3
17,6,21,40,28,3
17,6,21,41,28,3
17,6,21,42,28,3
17,6,21,43,28,3
17,6,21,44,28,3
17,6,21,45,28,3
17,6,26,48,28,3
17,6,26,49,28,3
17,6,26,50,28,3
17,6,26,51,28,3
17,6,26,52,28,3
17,6,26,53,28,3
17,6,26,54,28,3
18,6,31,58,28,3
18,6,31,59,28,3
18,6,32,0,28,3
18,6,32,2,28,3
18,6,32,3,28,3
18,6,32,4,28,3
18,6,32,5,28,3
18,6,32,6,28,3
18,6,32,7,28,3
18,6,37,8,28,3
18,6,37,9,28,3
18,6,37,10,28,3
18,6,37,11,28,3
18,6,37,12,28,3
18,6,37,13,28,3
18,6,37,14,28,3
18,6,37,15,28,3
18,6,37,16,28,3
18,6,37,17,28,3
17,6,42,20,28,3
17,6,42,21,28,3
17,6,42,22,28,3
17,6,42,27,28,3
17,6,42,28,28,3
17,6,47,30,28,3
17,6,47,31,28,3
17,6,47,32,28,3
17,6,47,33,28,3
17,6,47,34,28,3
17,6,47,35,28,3
17,6,47,36,28,3
17,6,47,37,28,3
17,6,47,39,28,3
17,6,52,40,28,3
17,6,52,41,28,3
17,6,52,42,28,3
17,6,52,43,28,3
17,6,52,44,28,3
17,6,52,45,28,3
17,6,52,46,28,3
17,6,52,47,28,3
17,6,52,48,28,3
17,6,52,49,28,3
16,6,57,52,28,3
16,6,57,53,28,3
16,6,57,54,28,3
16,6,57,55,28,3
16,6,57,56,28,3
16,6,57,57,28,3
16,6,57,58,28,3
16,6,57,59,28,3
16,6,58,0,28,3
15,7,3,1,28,3
15,7,3,2,28,3
15,7,3,3,28,3
15,7,3,4,28,3
15,7,3,5,28,3
15,7,3,6,28,3
15,7,3,7,28,3
15,7,3,8,28,3
15,7,3,9,28,3
15,7,3,10,28,3
16,7,8,12,28,3
16,7,8,13,28,3
16,7,8,14,28,3
16,7,8,15,28,3
16,7,8,16,28,3
16,7,8,17,28,3
16,7,8,18,28,3
16,7,8,19,28,3
16,7,8,20,28,3
16,7,8,21,28,3
15,7,13,24,28,3
15,7,13,25,28,3
15,7,13,26,28,3
15,7,13,27,28,3
15,7,13,28,28,3
15,7,13,29,28,3
16,7,13,30,28,3
16,7,13,31,28,3
15,7,13,32,28,3
16,7,18,33,28,3
16,7,18,34,28,3
16,7,18,35,28,3
16,7,18,36,28,3
16,7,18,37,28,3
16,7,18,38,28,3
16,7,18,39,28,3
16,7,18,40,28,3
16,7,18,41,28,3
16,7,18,42,28,3
16,7,23,45,28,3
16,7,23,46,28,3
16,7,23,47,28,3
16,7,23,48,28,3
16,7,23,53,28,3
16,7,28,56,28,3
16,7,28,57,28,3
16,7,28,58,28,3
16,7,28,59,28,3
16,7,29,0,28,3
16,7,29,1,28,3
16,7,29,2,28,3
16,7,29,3,28,3
16,7,29,4,28,3
15,7,34,5,28,3
15,7,34,6,28,3
15,7,34,7,28,3
15,7,34,8,28,3
15,7,34,9,28,3
15,7,34,10,28,3
15,7,34,11,28,3
15,7,34,12,28,3
15,7,34,13,28,3
15,7,34,14,28,3
16,7,39,17,28,3
16,7,39,18,28,3
16,7,39,19,28,3
16,7,39,20,28,3
16,7,39,21,28,3
16,7,39,22,28,3
16,7,39,23,28,3
16,7,39,24,28,3
16,7,39,25,28,3
13,7,44,26,28,3
13,7,44,28,28,3
13,7,44,29,28,3
13,7,44,30,28,3
13,7,44,31,28,3
13,7,44,32,28,3
13,7,44,33,28,3
13,7,44,34,28,3
13,7,44,35,28,3
13,7,44,36,28,3
10,7,49,37,28,3
10,7,49,38,28,3
10,7,49,39,28,3
10,7,49,40,28,3
10,7,49,41,28,3
10,7,49,42,28,3
10,7,49,43,28,3
10,7,49,44,28,3
10,7,49,45,28,3
10,7,49,46,28,3
9,7,54,49,28,3
9,7,54,50,28,3
9,7,54,51,28,3
9,7,54,52,28,3
9,7,54,53,28,3
9,7,54,54,28,3
9,7,54,55,28,3
9,7,54,56,28,3
9,7,54,57,28,3
8,7,59,58,28,3
8,7,59,59,28,3
8,8,0,0,28,3
8,8,0,1,28,3
8,8,0,3,28,3
8,8,0,4,28,3
8,8,0,5,28,3
8,8,0,6,28,3
8,8,0,7,28,3
8,8,0,8,28,3
9,8,5,14,28,3
9,8,5,15,28,3
9,8,5,16,28,3
9,8,5,17,28,3
9,8,5,18,28,3
9,8,10,21,28,3
9,8,10,22,28,3
9,8,10,23,28,3
9,8,10,24,28,3
9,8,10,25,28,3
9,8,10,26,28,3
9,8,10,27,28,3
9,8,10,28,28,3
9,8,10,29,28,3
8,8,15,30,28,3
8,8,15,31,28,3
8,8,15,32,28,3
8,8,15,33,28,3
8,8,15,34,28,3
8,8,15,35,28,3
8,8,15,36,28,3
8,8,15,37,28,3
8,8,15,38,28,3
8,8,15,39,28,3
8,8,20,46,28,3
8,8,20,47,28,3
8,8,20,48,28,3
8,8,20,49,28,3
8,8,20,50,28,3
8,8,25,53,28,3
8,8,25,54,28,3
8,8,25,55,28,3
8,8,25,56,28,3
8,8,25,57,28,3
8,8,25,58,28,3
8,8,25,59,28,3
8,8,26,0,28,3
8,8,26,1,28,3
8,8,31,2,28,3
8,8,31,3,28,3
8,8,31,4,28,3
8,8,31,5,28,3
8,8,31,6,28,3
8,8,31,7,28,3
8,8,31,8,28,3
8,8,31,9,28,3
8,8,31,10,28,3
8,8,31,11,28,3
9,8,36,16,28,3
9,8,36,17,28,3
9,8,36,18,28,3
9,8,36,19,28,3
9,8,36,20,28,3
9,8,36,21,28,3
9,8,36,22,28,3
8,8,41,25,28,3
8,8,41,26,28,3
8,8,41,27,28,3
8,8,41,28,28,3
8,8,41,29,28,3
8,8,41,30,28,3
8,8,41,31,28,3
8,8,41,32,28,3
8,8,41,33,28,3
8,8,46,34,28,3
8,8,46,36,28,3
8,8,46,37,28,3
8,8,46,38,28,3
8,8,46,39,28,3
8,8,46,40,28,3
8,8,46,41,28,3
8,8,46,42,28,3
8,8,46,43,28,3
8,8,46,44,28,3
8,8,51,46,28,3
8,8,51,47,28,3
8,8,51,48,28,3
8,8,51,49,28,3
8,8,51,50,28,3
8,8,51,51,28,3
8,8,51,52,28,3
8,8,51,53,28,3
8,8,56,57,28,3
8,8,56,58,28,3
8,8,56,59,28,3
8,8,57,0,28,3
8,8,57,1,28,3
8,8,57,2,28,3
8,8,57,3,28,3
8,8,57,4,28,3
8,8,57,5,28,3
9,9,2,6,28,3
9,9,2,7,28,3
9,9,2,8,28,3
9,9,2,9,28,3
9,9,2,10,28,3
9,9,2,11,28,3
9,9,2,12,28,3
9,9,2,13,28,3
9,9,2,14,28,3
9,9,2,15,28,3
11,9,7,18,28,3
11,9,7,19,28,3
11,9,7,20,28,3
11,9,7,21,28,3
11,9,7,22,28,3
11,9,7,23,28,3
11,9,7,24,28,3
11,9,7,25,28,3
11,9,7,26,28,3
9,9,12,29,28,3
9,9,12,30,28,3
9,9,12,31,28,3
9,9,12,32,28,3
9,9,12,33,28,3
9,9,12,34,28,3
9,9,12,35,28,3
9,9,12,36,28,3
9,9,12,37,28,3
9,9,17,38,28,3
9,9,17,39,28,3
9,9,17,40,28,3
9,9,17,41,28,3
9,9,17,42,28,3
9,9,17,43,28,3
9,9,17,44,28,3
9,9,17,45,28,3
9,9,17,47,28,3
9,9,17,48,28,3
