3,5,9,12,29,3
3,5,9,13,29,3
3,5,9,14,29,3
3,5,9,15,29,3
4,5,14,17,29,3
4,5,14,18,29,3
4,5,14,19,29,3
4,5,14,20,29,3
4,5,19,18,29,3
4,5,19,19,29,3
4,5,19,20,29,3
4,5,19,21,29,3
4,5,24,21,29,3
4,5,24,22,29,3
4,5,24,23,29,3
4,5,24,24,29,3
4,5,24,25,29,3
4,5,29,22,29,3
4,5,29,23,29,3
4,5,29,24,29,3
4,5,29,25,29,3
4,5,29,26,29,3
4,5,34,27,29,3
4,5,34,28,29,3
4,5,34,29,29,3
4,5,34,30,29,3
4,5,34,31,29,3
4,5,39,30,29,3
4,5,39,31,29,3
4,5,39,32,29,3
4,5,44,34,29,3
4,5,44,35,29,3
4,5,44,36,29,3
4,5,44,37,29,3
3,5,49,35,29,3
3,5,49,36,29,3
3,5,49,37,29,3
3,5,49,38,29,3
3,5,54,38,29,3
3,5,54,39,29,3
3,5,54,40,29,3
4,5,54,41,29,3
3,5,54,42,29,3
4,5,59,39,29,3
4,5,59,40,29,3
4,5,59,41,29,3
4,5,59,42,29,3
4,5,59,43,29,3
4,6,4,44,29,3
4,6,4,45,29,3
4,6,4,46,29,3
4,6,4,47,29,3
4,6,4,48,29,3
3,6,14,51,29,3
3,6,14,52,29,3
3,6,14,53,29,3
3,6,14,54,29,3
3,6,19,52,29,3
3,6,19,53,29,3
3,6,19,54,29,3
3,6,19,55,29,3
3,6,24,57,29,3
3,6,24,58,29,3
3,6,24,59,29,3
3,6,25,0,29,3
3,6,29,56,29,3
3,6,29,57,29,3
3,6,29,58,29,3
3,6,29,59,29,3
3,6,30,0,29,3
3,6,35,1,29,3
3,6,35,2,29,3
3,6,35,3,29,3
3,6,35,4,29,3
3,6,35,5,29,3
3,6,40,3,29,3
3,6,40,4,29,3
3,6,40,5,29,3
3,6,40,6,29,3
3,6,45,8,29,3
3,6,45,9,29,3
3,6,45,10,29,3
3,6,45,11,29,3
3,6,50,9,29,3
3,6,50,10,29,3
3,6,50,11,29,3
3,6,50,12,29,3
3,6,55,14,29,3
3,6,55,15,29,3
3,6,55,16,29,3
3,6,55,17,29,3
3,7,0,13,29,3
3,7,0,14,29,3
3,7,0,15,29,3
3,7,0,16,29,3
3,7,0,17,29,3
3,7,5,18,29,3
3,7,5,19,29,3
3,7,5,20,29,3
3,7,5,21,29,3
3,7,5,22,29,3
3,7,10,20,29,3
3,7,10,21,29,3
3,7,10,22,29,3
3,7,10,23,29,3
3,7,15,25,29,3
3,7,15,26,29,3
3,7,15,27,29,3
3,7,15,28,29,3
3,7,20,26,29,3
3,7,20,27,29,3
3,7,20,28,29,3
3,7,20,29,29,3
3,7,25,30,29,3
3,7,25,31,29,3
3,7,25,32,29,3
3,7,25,33,29,3
3,7,25,34,29,3
3,7,30,30,29,3
3,7,30,31,29,3
3,7,30,32,29,3
3,7,30,33,29,3
3,7,30,34,29,3
3,7,35,35,29,3
3,7,35,36,29,3
3,7,35,37,29,3
3,7,35,38,29,3
3,7,35,39,29,3
3,7,40,37,29,3
3,7,40,38,29,3
3,7,40,39,29,3
3,7,40,40,29,3
3,7,45,42,29,3
3,7,45,43,29,3
3,7,45,44,29,3
3,7,45,45,29,3
3,7,50,42,29,3
3,7,50,43,29,3
3,7,50,44,29,3
3,7,50,45,29,3
3,7,50,46,29,3
3,7,55,48,29,3
3,7,55,49,29,3
3,7,55,50,29,3
3,7,55,51,29,3
3,8,0,48,29,3
3,8,5,52,29,3
3,8,5,54,29,3
3,8,5,55,29,3
3,8,5,56,29,3
3,8,5,57,29,3
3,8,10,54,29,3
3,8,10,55,29,3
3,8,10,56,29,3
3,8,10,57,29,3
3,8,15,59,29,3
3,8,16,0,29,3
3,8,16,1,29,3
3,8,16,2,29,3
3,8,20,58,29,3
3,8,20,59,29,3
3,8,21,0,29,3
3,8,21,2,29,3
3,8,21,3,29,3
3,8,26,5,29,3
3,8,26,6,29,3
3,8,26,7,29,3
3,8,26,8,29,3
3,8,31,5,29,3
3,8,31,6,29,3
3,8,31,7,29,3
3,8,31,8,29,3
3,8,36,10,29,3
3,8,36,11,29,3
3,8,36,12,29,3
3,8,36,13,29,3
3,8,36,14,29,3
3,8,41,11,29,3
3,8,41,12,29,3
3,8,41,13,29,3
3,8,41,14,29,3
3,8,46,16,29,3
3,8,46,17,29,3
3,8,46,18,29,3
3,8,46,19,29,3
3,8,51,16,29,3
3,8,51,17,29,3
3,8,51,18,29,3
3,8,51,19,29,3
3,8,51,20,29,3
3,8,56,22,29,3
3,8,56,23,29,3
3,8,56,24,29,3
3,8,56,25,29,3
3,9,1,22,29,3
3,9,1,23,29,3
3,9,1,24,29,3
3,9,1,25,29,3
3,9,6,27,29,3
3,9,6,28,29,3
3,9,6,29,29,3
3,9,6,30,29,3
3,9,6,31,29,3
3,9,11,28,29,3
3,9,11,29,29,3
3,9,11,30,29,3
3,9,11,31,29,3
4,9,21,33,29,3
3,9,21,34,29,3
4,9,21,35,29,3
4,9,21,36,29,3
3,9,21,37,29,3
3,9,26,39,29,3
3,9,26,40,29,3
3,9,26,41,29,3
3,9,26,42,29,3
4,9,31,39,29,3
4,9,31,40,29,3
4,9,31,41,29,3
4,9,31,42,29,3
3,9,36,44,29,3
3,9,36,45,29,3
3,9,36,46,29,3
3,9,36,47,29,3
3,9,36,48,29,3
3,9,41,44,29,3
3,9,41,45,29,3
3,9,41,46,29,3
3,9,41,47,29,3
3,9,41,48,29,3
3,9,46,50,29,3
3,9,46,51,29,3
3,9,46,52,29,3
3,9,46,53,29,3
3,9,46,54,29,3
4,9,51,50,29,3
4,9,51,51,29,3
4,9,51,52,29,3
4,9,51,53,29,3
4,9,51,54,29,3
4,9,51,56,29,3
4,9,51,57,29,3
4,9,51,58,29,3
4,9,51,59,29,3
4,9,56,56,29,3
4,9,56,57,29,3
4,9,56,58,29,3
4,9,56,59,29,3
3,10,2,1,29,3
3,10,2,2,29,3
3,10,2,3,29,3
3,10,2,4,29,3
3,10,2,5,29,3
3,10,7,1,29,3
3,10,7,2,29,3
3,10,7,3,29,3
3,10,7,4,29,3
3,10,7,5,29,3
4,10,12,7,29,3
4,10,12,8,29,3
4,10,12,9,29,3
4,10,12,11,29,3
4,10,17,8,29,3
4,10,17,9,29,3
4,10,17,10,29,3
4,10,17,11,29,3
4,10,17,13,29,3
4,10,17,14,29,3
4,10,17,15,29,3
4,10,17,16,29,3
4,10,22,13,29,3
4,10,22,14,29,3
4,10,22,15,29,3
4,10,22,16,29,3
4,10,22,18,29,3
4,10,22,19,29,3
4,10,22,20,29,3
4,10,22,21,29,3
4,10,22,22,29,3
3,10,27,18,29,3
3,10,27,19,29,3
3,10,27,20,29,3
3,10,27,21,29,3
3,10,27,22,29,3
3,10,27,24,29,3
3,10,27,25,29,3
3,10,27,26,29,3
3,10,27,27,29,3
4,10,32,24,29,3
4,10,32,25,29,3
4,10,32,26,29,3
4,10,32,27,29,3
4,10,32,29,29,3
4,10,32,30,29,3
4,10,32,31,29,3
4,10,32,32,29,3
4,10,32,33,29,3
4,10,37,29,29,3
4,10,37,30,29,3
4,10,37,31,29,3
4,10,37,32,29,3
4,10,37,33,29,3
4,10,42,35,29,3
4,10,42,36,29,3
4,10,42,37,29,3
4,10,42,38,29,3
4,10,42,39,29,3
4,10,47,41,29,3
4,10,47,42,29,3
4,10,47,43,29,3
4,10,47,44,29,3
4,10,52,41,29,3
4,10,52,42,29,3
4,10,52,43,29,3
4,10,52,44,29,3
4,10,52,46,29,3
4,10,52,47,29,3
4,10,52,48,29,3
4,10,52,49,29,3
4,10,52,50,29,3
5,10,57,46,29,3
5,10,57,47,29,3
5,10,57,48,29,3
5,10,57,49,29,3
5,10,57,50,29,3
5,10,57,53,29,3
5,10,57,54,29,3
5,10,57,55,29,3
5,10,57,56,29,3
4,11,2,53,29,3
4,11,2,54,29,3
4,11,2,55,29,3
4,11,2,56,29,3
4,11,2,58,29,3
4,11,2,59,29,3
4,11,3,0,29,3
4,11,3,1,29,3
4,11,7,58,29,3
4,11,7,59,29,3
4,11,8,0,29,3
4,11,8,1,29,3
4,11,8,3,29,3
4,11,8,4,29,3
4,11,8,5,29,3
4,11,8,6,29,3
4,11,8,7,29,3
4,11,13,3,29,3
4,11,13,4,29,3
4,11,13,5,29,3
4,11,13,6,29,3
4,11,13,7,29,3
4,11,13,9,29,3
4,11,13,11,29,3
4,11,13,12,29,3
4,11,13,13,29,3
4,11,18,9,29,3
4,11,18,10,29,3
4,11,18,11,29,3
4,11,18,12,29,3
4,11,18,14,29,3
4,11,18,15,29,3
4,11,18,16,29,3
4,11,18,17,29,3
4,11,18,18,29,3
4,11,23,14,29,3
4,11,23,15,29,3
4,11,23,16,29,3
4,11,23,17,29,3
4,11,23,18,29,3
4,11,23,21,29,3
4,11,23,22,29,3
4,11,28,20,29,3
4,11,28,21,29,3
4,11,28,22,29,3
4,11,28,23,29,3
4,11,28,24,29,3
4,11,28,26,29,3
4,11,28,27,29,3
4,11,28,28,29,3
4,11,28,29,29,3
4,11,33,26,29,3
4,11,33,27,29,3
4,11,33,28,29,3
4,11,33,29,29,3
4,11,33,31,29,3
4,11,33,32,29,3
4,11,33,33,29,3
4,11,33,34,29,3
4,11,33,35,29,3
4,11,38,31,29,3
4,11,38,32,29,3
4,11,38,33,29,3
4,11,38,34,29,3
4,11,38,35,29,3
4,11,38,38,29,3
4,11,38,39,29,3
4,11,38,40,29,3
4,11,38,41,29,3
4,11,43,38,29,3
4,11,43,39,29,3
4,11,43,40,29,3
4,11,43,41,29,3
4,11,43,42,29,3
4,11,43,43,29,3
4,11,43,44,29,3
4,11,43,45,29,3
4,11,43,46,29,3
4,11,48,42,29,3
4,11,48,43,29,3
4,11,48,44,29,3
4,11,48,45,29,3
4,11,48,46,29,3
4,11,48,49,29,3
4,11,48,50,29,3
4,11,48,51,29,3
4,11,48,52,29,3
4,11,53,48,29,3
4,11,53,49,29,3
4,11,53,50,29,3
4,11,53,51,29,3
4,11,53,52,29,3
4,11,53,54,29,3
4,11,53,55,29,3
4,11,53,56,29,3
4,11,53,57,29,3
4,11,58,54,29,3
4,11,58,55,29,3
4,11,58,56,29,3
4,11,58,57,29,3
4,11,58,59,29,3
4,11,59,0,29,3
4,11,59,1,29,3
4,11,59,2,29,3
4,11,59,3,29,3
4,12,3,59,29,3
4,12,4,0,29,3
4,12,4,1,29,3
4,12,4,2,29,3
4,12,4,3,29,3
4,12,4,6,29,3
4,12,4,7,29,3
4,12,4,8,29,3
4,12,4,9,29,3
4,12,9,6,29,3
4,12,9,7,29,3
4,12,9,8,29,3
4,12,9,9,29,3
4,12,14,10,29,3
4,12,14,11,29,3
4,12,14,12,29,3
4,12,14,13,29,3
4,12,14,14,29,3
4,12,19,10,29,3
4,12,19,11,29,3
4,12,19,12,29,3
4,12,19,13,29,3
4,12,19,14,29,3
4,12,24,19,29,3
4,12,24,20,29,3
4,12,24,22,29,3
4,12,24,23,29,3
4,12,24,24,29,3
4,12,24,25,29,3
4,12,29,22,29,3
4,12,29,23,29,3
4,12,29,24,29,3
4,12,29,26,29,3
4,12,29,27,29,3
4,12,29,28,29,3
4,12,29,29,29,3
4,12,29,30,29,3
4,12,29,31,29,3
4,12,34,27,29,3
4,12,34,28,29,3
4,12,34,29,29,3
4,12,34,30,29,3
4,12,34,31,29,3
4,12,34,34,29,3
4,12,34,35,29,3
4,12,34,36,29,3
4,12,34,37,29,3
4,12,39,34,29,3
4,12,39,35,29,3
4,12,39,36,29,3
4,12,39,37,29,3
4,12,39,38,29,3
4,12,39,39,29,3
4,12,39,40,29,3
4,12,39,41,29,3
4,12,39,42,29,3
4,12,44,38,29,3
4,12,44,39,29,3
4,12,44,40,29,3
4,12,44,41,29,3
4,12,44,42,29,3
4,12,44,45,29,3
4,12,44,46,29,3
4,12,44,47,29,3
4,12,44,48,29,3
4,12,54,49,29,3
4,12,54,50,29,3
4,12,54,51,29,3
4,12,54,52,29,3
4,12,54,53,29,3
4,12,59,51,29,3
4,12,59,52,29,3
4,12,59,53,29,3
4,12,59,54,29,3
4,13,4,55,29,3
4,13,4,56,29,3
4,13,4,57,29,3
4,13,4,58,29,3
4,13,4,59,29,3
4,13,9,55,29,3
4,13,9,56,29,3
4,13,9,57,29,3
4,13,9,58,29,3
4,13,9,59,29,3
5,13,15,2,29,3
5,13,15,3,29,3
5,13,15,4,29,3
5,13,15,5,29,3
4,13,20,1,29,3
4,13,20,2,29,3
4,13,20,3,29,3
4,13,20,4,29,3
4,13,20,5,29,3
4,13,25,6,29,3
4,13,25,7,29,3
4,13,25,8,29,3
4,13,25,9,29,3
4,13,25,10,29,3
4,13,30,8,29,3
4,13,30,9,29,3
4,13,30,10,29,3
4,13,30,11,29,3
4,13,35,12,29,3
4,13,35,13,29,3
4,13,35,14,29,3
4,13,35,15,29,3
4,13,35,16,29,3
4,13,40,13,29,3
4,13,40,15,29,3
4,13,40,16,29,3
4,13,40,17,29,3
4,13,45,19,29,3
4,13,45,20,29,3
4,13,45,21,29,3
4,13,45,22,29,3
4,13,50,18,29,3
4,13,50,19,29,3
4,13,50,20,29,3
4,13,50,21,29,3
4,13,50,22,29,3
4,13,55,23,29,3
4,13,55,24,29,3
4,13,55,25,29,3
4,13,55,26,29,3
4,13,55,27,29,3
5,14,0,25,29,3
5,14,0,26,29,3
5,14,0,27,29,3
5,14,0,28,29,3
5,14,5,29,29,3
5,14,5,30,29,3
5,14,5,31,29,3
5,14,5,32,29,3
5,14,5,33,29,3
4,14,10,31,29,3
4,14,10,32,29,3
4,14,10,33,29,3
4,14,10,34,29,3
4,14,15,36,29,3
4,14,15,37,29,3
4,14,15,38,29,3
4,14,15,39,29,3
4,14,20,35,29,3
4,14,20,36,29,3
4,14,20,37,29,3
4,14,20,38,29,3
4,14,20,39,29,3
4,14,25,42,29,3
4,14,25,43,29,3
4,14,25,44,29,3
4,14,25,45,29,3
4,14,30,42,29,3
4,14,30,43,29,3
4,14,30,44,29,3
4,14,30,45,29,3
4,14,35,46,29,3
4,14,35,47,29,3
4,14,35,48,29,3
4,14,35,49,29,3
4,14,35,50,29,3
4,14,40,48,29,3
4,14,40,49,29,3
4,14,40,50,29,3
4,14,40,51,29,3
4,14,45,53,29,3
4,14,45,54,29,3
4,14,45,55,29,3
4,14,50,52,29,3
4,14,50,53,29,3
4,14,50,54,29,3
4,14,50,55,29,3
4,14,50,56,29,3
4,14,55,59,29,3
4,14,56,0,29,3
4,14,56,1,29,3
4,14,56,2,29,3
4,15,0,59,29,3
4,15,1,0,29,3
4,15,1,1,29,3
4,15,1,2,29,3
4,15,6,3,29,3
4,15,6,4,29,3
4,15,6,5,29,3
4,15,6,6,29,3
4,15,6,7,29,3
5,15,11,4,29,3
5,15,11,5,29,3
5,15,11,6,29,3
5,15,11,7,29,3
5,15,11,8,29,3
4,15,16,10,29,3
4,15,16,11,29,3
4,15,16,12,29,3
4,15,16,13,29,3
4,15,21,9,29,3
4,15,21,10,29,3
4,15,21,11,29,3
4,15,21,12,29,3
4,15,21,13,29,3
4,15,26,16,29,3
4,15,26,17,29,3
4,15,26,18,29,3
4,15,26,19,29,3
4,15,31,16,29,3
4,15,31,17,29,3
4,15,31,18,29,3
4,15,31,19,29,3
4,15,36,21,29,3
4,15,36,22,29,3
4,15,36,23,29,3
4,15,36,24,29,3
4,15,36,25,29,3
4,15,41,21,29,3
4,15,41,22,29,3
4,15,41,23,29,3
4,15,41,24,29,3
4,15,41,25,29,3
4,15,46,26,29,3
4,15,46,27,29,3
4,15,46,28,29,3
4,15,46,29,29,3
4,15,46,30,29,3
4,15,51,26,29,3
4,15,51,27,29,3
4,15,51,28,29,3
4,15,51,29,29,3
4,15,51,30,29,3
5,15,56,33,29,3
5,15,56,34,29,3
5,15,56,35,29,3
5,15,56,36,29,3
4,16,1,33,29,3
4,16,1,34,29,3
4,16,1,35,29,3
4,16,1,36,29,3
4,16,6,38,29,3
4,16,6,39,29,3
4,16,6,40,29,3
4,16,6,41,29,3
4,16,6,42,29,3
4,16,11,39,29,3
4,16,11,40,29,3
4,16,11,41,29,3
4,16,11,42,29,3
4,16,16,44,29,3
4,16,16,45,29,3
4,16,16,46,29,3
4,16,16,47,29,3
4,16,21,43,29,3
4,16,21,44,29,3
4,16,21,45,29,3
4,16,21,46,29,3
4,16,21,48,29,3
4,16,26,50,29,3
4,16,26,51,29,3
4,16,26,52,29,3
4,16,26,53,29,3
4,16,31,50,29,3
4,16,31,51,29,3
4,16,31,52,29,3
4,16,31,53,29,3
4,16,36,55,29,3
4,16,36,56,29,3
4,16,36,57,29,3
4,16,36,58,29,3
4,16,36,59,29,3
4,16,41,55,29,3
4,16,41,56,29,3
4,16,41,57,29,3
4,16,41,58,29,3
4,16,41,59,29,3
4,16,47,1,29,3
4,16,52,0,29,3
4,16,52,1,29,3
4,16,52,2,29,3
4,16,52,3,29,3
4,16,52,4,29,3
4,16,57,7,29,3
4,16,57,8,29,3
4,16,57,9,29,3
4,16,57,10,29,3
4,17,2,7,29,3
4,17,2,8,29,3
4,17,2,9,29,3
4,17,2,10,29,3
4,17,7,11,29,3
4,17,7,12,29,3
4,17,7,13,29,3
4,17,7,14,29,3
4,17,7,15,29,3
5,17,12,12,29,3
5,17,12,13,29,3
5,17,12,14,29,3
5,17,12,15,29,3
5,17,12,16,29,3
4,17,17,18,29,3
4,17,17,19,29,3
4,17,17,20,29,3
4,17,17,21,29,3
4,17,22,18,29,3
4,17,22,19,29,3
4,17,22,20,29,3
4,17,22,21,29,3
4,17,22,22,29,3
5,17,27,23,29,3
5,17,27,24,29,3
5,17,27,25,29,3
5,17,27,26,29,3
5,17,27,27,29,3
5,17,32,24,29,3
5,17,32,25,29,3
5,17,32,26,29,3
5,17,32,27,29,3
5,17,37,29,29,3
5,17,37,30,29,3
5,17,37,31,29,3
5,17,37,32,29,3
5,17,37,33,29,3
4,17,42,29,29,3
4,17,42,30,29,3
4,17,42,31,29,3
4,17,42,32,29,3
4,17,42,33,29,3
4,17,47,35,29,3
4,17,47,36,29,3
4,17,47,37,29,3
4,17,47,38,29,3
4,17,52,35,29,3
4,17,52,36,29,3
4,17,52,37,29,3
4,17,52,38,29,3
4,17,57,40,29,3
4,17,57,41,29,3
4,17,57,42,29,3
4,17,57,43,29,3
4,17,57,44,29,3
4,18,2,41,29,3
4,18,2,42,29,3
4,18,2,43,29,3
4,18,2,44,29,3
4,18,7,46,29,3
4,18,7,47,29,3
4,18,7,48,29,3
4,18,7,49,29,3
4,18,7,50,29,3
4,18,12,46,29,3
4,18,12,47,29,3
4,18,12,48,29,3
4,18,12,49,29,3
4,18,12,50,29,3
4,18,17,52,29,3
4,18,17,54,29,3
4,18,17,55,29,3
4,18,17,56,29,3
4,18,22,52,29,3
4,18,22,53,29,3
4,18,22,54,29,3
4,18,22,55,29,3
4,18,22,56,29,3
4,18,27,57,29,3
4,18,27,58,29,3
4,18,27,59,29,3
4,18,28,0,29,3
4,18,28,1,29,3
4,18,32,58,29,3
4,18,32,59,29,3
4,18,33,0,29,3
4,18,33,1,29,3
4,18,38,4,29,3
4,18,38,5,29,3
5,18,43,3,29,3
5,18,43,4,29,3
5,18,43,5,29,3
5,18,43,6,29,3
5,18,43,7,29,3
5,18,48,9,29,3
5,18,48,10,29,3
5,18,48,11,29,3
5,18,48,12,29,3
5,18,53,10,29,3
5,18,53,11,29,3
5,18,53,12,29,3
5,18,53,13,29,3
5,18,58,14,29,3
5,18,58,15,29,3
5,18,58,16,29,3
5,18,58,17,29,3
5,18,58,18,29,3
5,19,3,15,29,3
5,19,3,16,29,3
5,19,3,17,29,3
5,19,3,18,29,3
5,19,8,21,29,3
5,19,8,22,29,3
5,19,8,23,29,3
5,19,8,24,29,3
5,19,13,20,29,3
5,19,13,21,29,3
5,19,13,22,29,3
5,19,13,23,29,3
5,19,13,24,29,3
5,19,18,26,29,3
5,19,18,27,29,3
5,19,18,28,29,3
5,19,18,29,29,3
5,19,23,27,29,3
5,19,23,28,29,3
5,19,23,29,29,3
5,19,23,30,29,3
5,19,28,31,29,3
5,19,28,32,29,3
5,19,28,33,29,3
5,19,28,34,29,3
5,19,28,35,29,3
5,19,33,31,29,3
5,19,33,32,29,3
5,19,33,33,29,3
5,19,33,34,29,3
5,19,33,35,29,3
5,19,38,38,29,3
5,19,38,39,29,3
5,19,38,40,29,3
5,19,38,41,29,3
5,19,43,37,29,3
5,19,43,38,29,3
5,19,43,39,29,3
5,19,43,40,29,3
5,19,43,41,29,3
5,19,48,43,29,3
5,19,48,44,29,3
5,19,48,45,29,3
5,19,48,46,29,3
5,19,53,44,29,3
5,19,53,45,29,3
5,19,53,46,29,3
5,19,53,47,29,3
5,19,58,48,29,3
5,19,58,49,29,3
5,19,58,50,29,3
5,19,58,51,29,3
5,19,58,52,29,3
5,20,3,49,29,3
5,20,3,50,29,3
5,20,3,51,29,3
5,20,3,52,29,3
5,20,8,54,29,3
5,20,8,55,29,3
5,20,8,56,29,3
5,20,8,57,29,3
5,20,8,58,29,3
5,20,13,54,29,3
5,20,13,55,29,3
5,20,13,56,29,3
5,20,13,57,29,3
5,20,13,58,29,3
5,20,19,1,29,3
5,20,19,2,29,3
5,20,19,3,29,3
5,20,19,4,29,3
5,20,24,1,29,3
5,20,24,2,29,3
5,20,24,3,29,3
5,20,24,4,29,3
5,20,29,5,29,3
5,20,29,6,29,3
5,20,29,7,29,3
5,20,29,8,29,3
5,20,29,9,29,3
5,20,34,6,29,3
5,20,34,7,29,3
5,20,34,8,29,3
5,20,34,9,29,3
5,20,39,11,29,3
5,20,39,12,29,3
5,20,39,13,29,3
5,20,39,14,29,3
5,20,39,15,29,3
5,20,44,11,29,3
5,20,44,12,29,3
5,20,44,13,29,3
5,20,44,14,29,3
5,20,44,15,29,3
5,20,49,18,29,3
5,20,49,19,29,3
5,20,49,20,29,3
5,20,49,21,29,3
5,20,54,18,29,3
5,20,54,19,29,3
5,20,54,20,29,3
5,20,54,21,29,3
5,20,59,22,29,3
5,20,59,23,29,3
5,20,59,24,29,3
5,20,59,25,29,3
5,20,59,26,29,3
5,21,4,23,29,3
5,21,4,24,29,3
5,21,4,25,29,3
5,21,4,26,29,3
5,21,9,29,29,3
5,21,9,30,29,3
5,21,14,28,29,3
5,21,14,29,29,3
5,21,14,30,29,3
5,21,14,31,29,3
5,21,14,32,29,3
5,21,19,35,29,3
5,21,19,36,29,3
5,21,19,37,29,3
5,21,19,38,29,3
5,21,24,35,29,3
5,21,24,36,29,3
5,21,24,37,29,3
5,21,24,38,29,3
5,21,29,39,29,3
5,21,29,40,29,3
5,21,29,41,29,3
5,21,29,42,29,3
5,21,29,43,29,3
4,21,34,40,29,3
4,21,34,41,29,3
4,21,34,42,29,3
4,21,34,43,29,3
4,21,39,45,29,3
4,21,39,46,29,3
4,21,39,47,29,3
4,21,39,48,29,3
4,21,39,49,29,3
4,21,44,45,29,3
4,21,44,46,29,3
4,21,44,47,29,3
4,21,44,48,29,3
4,21,44,49,29,3
4,21,49,52,29,3
5,21,49,53,29,3
5,21,49,54,29,3
5,21,49,55,29,3
5,21,54,52,29,3
5,21,54,53,29,3
5,21,54,54,29,3
5,21,54,55,29,3
5,21,54,56,29,3
5,21,54,57,29,3
5,21,54,58,29,3
5,21,54,59,29,3
5,21,55,0,29,3
5,21,59,56,29,3
5,21,59,57,29,3
5,21,59,58,29,3
5,21,59,59,29,3
5,22,0,0,29,3
5,22,0,2,29,3
5,22,0,3,29,3
5,22,0,4,29,3
5,22,0,5,29,3
5,22,0,6,29,3
5,22,5,3,29,3
5,22,5,4,29,3
5,22,5,5,29,3
5,22,5,6,29,3
5,22,5,9,29,3
5,22,5,10,29,3
5,22,5,11,29,3
5,22,5,12,29,3
5,22,10,9,29,3
5,22,10,10,29,3
5,22,10,11,29,3
5,22,10,12,29,3
5,22,10,13,29,3
5,22,10,14,29,3
5,22,10,15,29,3
5,22,10,16,29,3
5,22,10,17,29,3
5,22,15,13,29,3
5,22,15,14,29,3
5,22,15,15,29,3
5,22,15,16,29,3
5,22,15,17,29,3
5,22,15,20,29,3
5,22,15,21,29,3
5,22,15,22,29,3
5,22,15,23,29,3
5,22,20,20,29,3
5,22,20,21,29,3
5,22,20,22,29,3
5,22,20,23,29,3
5,22,20,25,29,3
5,22,20,26,29,3
5,22,20,27,29,3
5,22,20,28,29,3
5,22,20,29,29,3
5,22,25,25,29,3
5,22,25,26,29,3
5,22,25,27,29,3
5,22,25,28,29,3
5,22,25,29,29,3
5,22,30,30,29,3
5,22,30,31,29,3
5,22,30,32,29,3
5,22,30,33,29,3
5,22,30,34,29,3
5,22,35,30,29,3
5,22,35,31,29,3
5,22,35,32,29,3
5,22,35,33,29,3
5,22,35,34,29,3
5,22,40,37,29,3
5,22,40,38,29,3
5,22,40,39,29,3
5,22,40,40,29,3
5,22,45,37,29,3
5,22,45,38,29,3
5,22,45,39,29,3
5,22,45,40,29,3
5,22,50,41,29,3
5,22,50,42,29,3
5,22,50,43,29,3
5,22,50,44,29,3
5,22,50,45,29,3
5,22,55,42,29,3
5,22,55,43,29,3
5,22,55,44,29,3
5,22,55,45,29,3
5,22,55,46,29,3
5,23,0,48,29,3
5,23,0,49,29,3
5,23,0,50,29,3
5,23,0,51,29,3
5,23,5,47,29,3
5,23,5,48,29,3
5,23,5,49,29,3
5,23,5,50,29,3
5,23,5,51,29,3
5,23,10,54,29,3
5,23,10,55,29,3
5,23,10,56,29,3
5,23,10,57,29,3
5,23,15,54,29,3
5,23,15,55,29,3
5,23,15,56,29,3
5,23,15,57,29,3
5,23,15,59,29,3
5,23,16,0,29,3
5,23,16,1,29,3
5,23,16,2,29,3
5,23,16,3,29,3
5,23,20,58,29,3
5,23,20,59,29,3
5,23,21,0,29,3
5,23,21,1,29,3
5,23,21,2,29,3
5,23,21,5,29,3
5,23,21,6,29,3
5,23,21,7,29,3
5,23,21,8,29,3
5,23,26,5,29,3
5,23,26,6,29,3
5,23,26,7,29,3
5,23,26,8,29,3
5,23,26,10,29,3
5,23,26,11,29,3
5,23,26,12,29,3
5,23,26,13,29,3
5,23,26,14,29,3
4,23,31,10,29,3
4,23,31,11,29,3
4,23,31,12,29,3
4,23,31,13,29,3
4,23,31,14,29,3
4,23,31,19,29,3
5,23,36,16,29,3
5,23,36,17,29,3
5,23,36,22,29,3
5,23,36,23,29,3
5,23,36,24,29,3
5,23,36,25,29,3
5,23,41,22,29,3
5,23,41,23,29,3
5,23,41,24,29,3
5,23,41,25,29,3
5,23,41,26,29,3
5,23,41,27,29,3
5,23,41,28,29,3
5,23,41,29,29,3
5,23,41,30,29,3
5,23,46,26,29,3
5,23,46,27,29,3
5,23,46,28,29,3
5,23,46,29,29,3
5,23,46,30,29,3
5,23,46,33,29,3
5,23,46,34,29,3
5,23,46,35,29,3
5,23,46,36,29,3
5,23,51,33,29,3
5,23,51,34,29,3
5,23,51,35,29,3
5,23,51,36,29,3
5,23,51,38,29,3
5,23,51,39,29,3
5,23,51,40,29,3
5,23,51,41,29,3
5,23,51,42,29,3
5,23,56,38,29,3
5,23,56,39,29,3
5,23,56,40,29,3
5,23,56,41,29,3
5,23,56,42,29,3
5,23,56,43,29,3
5,23,56,44,29,3
5,23,56,45,29,3
5,23,56,46,29,3
5,23,56,47,29,3
5,0,1,43,30,3
5,0,1,44,30,3
5,0,1,45,30,3
5,0,1,46,30,3
5,0,1,47,30,3
5,0,1,50,30,3
5,0,1,51,30,3
5,0,1,52,30,3
5,0,1,53,30,3
5,0,6,50,30,3
5,0,6,51,30,3
5,0,6,52,30,3
5,0,6,53,30,3
5,0,6,55,30,3
5,0,6,56,30,3
5,0,6,57,30,3
5,0,6,58,30,3
5,0,6,59,30,3
5,0,11,55,30,3
5,0,11,56,30,3
5,0,11,57,30,3
5,0,11,58,30,3
5,0,11,59,30,3
5,0,12,3,30,3
5,0,12,4,30,3
5,0,17,1,30,3
5,0,17,2,30,3
5,0,17,3,30,3
5,0,17,4,30,3
5,0,17,7,30,3
5,0,17,8,30,3
5,0,17,9,30,3
5,0,17,10,30,3
5,0,22,7,30,3
5,0,22,8,30,3
5,0,22,9,30,3
5,0,22,10,30,3
5,0,22,11,30,3
5,0,22,12,30,3
5,0,22,13,30,3
5,0,22,14,30,3
5,0,22,15,30,3
5,0,27,11,30,3
5,0,27,12,30,3
5,0,27,13,30,3
5,0,27,14,30,3
5,0,27,15,30,3
5,0,27,18,30,3
5,0,27,19,30,3
5,0,27,20,30,3
5,0,27,21,30,3
5,0,32,18,30,3
5,0,32,19,30,3
5,0,32,20,30,3
5,0,32,21,30,3
5,0,32,23,30,3
5,0,32,24,30,3
5,0,32,25,30,3
5,0,32,26,30,3
5,0,32,27,30,3
5,0,37,23,30,3
5,0,37,24,30,3
5,0,37,25,30,3
5,0,37,26,30,3
5,0,37,27,30,3
5,0,42,29,30,3
5,0,42,30,30,3
5,0,42,31,30,3
5,0,42,32,30,3
5,0,47,28,30,3
5,0,47,29,30,3
5,0,47,30,30,3
5,0,47,31,30,3
5,0,47,32,30,3
5,0,52,35,30,3
5,0,52,36,30,3
5,0,52,37,30,3
5,0,52,38,30,3
4,0,57,35,30,3
4,0,57,36,30,3
4,0,57,37,30,3
4,0,57,38,30,3
4,1,2,40,30,3
4,1,2,41,30,3
4,1,2,42,30,3
4,1,2,43,30,3
4,1,2,44,30,3
4,1,7,41,30,3
4,1,7,42,30,3
4,1,7,43,30,3
4,1,7,44,30,3
4,1,12,46,30,3
4,1,12,47,30,3
4,1,12,48,30,3
4,1,12,49,30,3
4,1,12,50,30,3
4,1,17,46,30,3
4,1,17,47,30,3
4,1,17,48,30,3
4,1,17,49,30,3
4,1,17,50,30,3
4,1,17,52,30,3
4,1,17,53,30,3
4,1,17,54,30,3
4,1,17,55,30,3
5,1,22,52,30,3
5,1,22,53,30,3
5,1,22,54,30,3
5,1,22,55,30,3
5,1,22,57,30,3
5,1,22,58,30,3
5,1,22,59,30,3
5,1,23,0,30,3
5,1,23,1,30,3
5,1,27,57,30,3
5,1,27,58,30,3
5,1,27,59,30,3
5,1,28,0,30,3
5,1,28,1,30,3
4,1,33,3,30,3
4,1,33,4,30,3
4,1,33,5,30,3
4,1,33,6,30,3
4,1,33,9,30,3
4,1,33,10,30,3
4,1,33,11,30,3
4,1,33,12,30,3
4,1,38,8,30,3
4,1,38,9,30,3
4,1,38,10,30,3
4,1,38,11,30,3
4,1,38,12,30,3
4,1,38,14,30,3
4,1,38,15,30,3
4,1,38,16,30,3
4,1,38,17,30,3
4,1,38,18,30,3
4,1,43,20,30,3
4,1,43,21,30,3
4,1,43,22,30,3
4,1,43,23,30,3
4,1,48,20,30,3
4,1,48,21,30,3
4,1,48,22,30,3
4,1,48,23,30,3
4,1,48,26,30,3
4,1,48,27,30,3
4,1,48,28,30,3
4,1,48,29,30,3
4,1,53,25,30,3
4,1,53,26,30,3
4,1,53,27,30,3
4,1,53,28,30,3
4,1,53,29,30,3
4,1,53,31,30,3
4,1,53,32,30,3
4,1,53,33,30,3
4,1,53,34,30,3
4,1,53,35,30,3
4,1,58,31,30,3
4,1,58,32,30,3
4,1,58,33,30,3
4,1,58,34,30,3
4,1,58,37,30,3
4,1,58,38,30,3
4,1,58,39,30,3
4,1,58,40,30,3
4,2,3,36,30,3
4,2,3,37,30,3
4,2,3,38,30,3
4,2,3,39,30,3
4,2,3,40,30,3
4,2,3,42,30,3
4,2,3,43,30,3
4,2,3,44,30,3
4,2,3,45,30,3
4,2,3,46,30,3
4,2,8,42,30,3
4,2,8,43,30,3
4,2,8,44,30,3
4,2,8,45,30,3
4,2,8,46,30,3
4,2,8,48,30,3
4,2,8,49,30,3
4,2,8,51,30,3
4,2,13,48,30,3
4,2,13,49,30,3
4,2,13,50,30,3
4,2,13,51,30,3
4,2,13,54,30,3
4,2,13,55,30,3
4,2,13,56,30,3
4,2,13,57,30,3
4,2,18,53,30,3
3,2,18,54,30,3
3,2,18,55,30,3
3,2,18,56,30,3
3,2,18,57,30,3
3,2,18,59,30,3
3,2,19,0,30,3
3,2,19,1,30,3
3,2,19,2,30,3
3,2,19,3,30,3
4,2,23,59,30,3
4,2,24,0,30,3
4,2,24,1,30,3
4,2,24,2,30,3
4,2,24,5,30,3
4,2,24,6,30,3
4,2,24,7,30,3
4,2,24,8,30,3
4,2,29,4,30,3
4,2,29,5,30,3
4,2,29,6,30,3
4,2,29,7,30,3
4,2,29,8,30,3
4,2,29,11,30,3
4,2,29,12,30,3
4,2,29,13,30,3
4,2,29,14,30,3
4,2,34,10,30,3
4,2,34,11,30,3
4,2,34,12,30,3
4,2,34,13,30,3
4,2,34,16,30,3
4,2,34,17,30,3
4,2,34,18,30,3
4,2,34,19,30,3
4,2,34,20,30,3
4,2,39,15,30,3
4,2,39,16,30,3
4,2,39,17,30,3
4,2,39,18,30,3
4,2,39,19,30,3
4,2,39,22,30,3
4,2,39,23,30,3
4,2,39,24,30,3
4,2,39,25,30,3
4,2,44,22,30,3
4,2,44,23,30,3
4,2,44,24,30,3
4,2,44,25,30,3
4,2,44,27,30,3
4,2,44,28,30,3
4,2,44,29,30,3
4,2,44,30,30,3
4,2,44,31,30,3
4,2,49,27,30,3
4,2,49,28,30,3
4,2,49,29,30,3
4,2,49,30,30,3
4,2,49,33,30,3
4,2,49,34,30,3
4,2,49,35,30,3
4,2,49,36,30,3
4,2,54,32,30,3
4,2,54,33,30,3
4,2,54,34,30,3
4,2,54,35,30,3
4,2,54,36,30,3
4,2,54,38,30,3
4,2,54,39,30,3
4,2,54,40,30,3
4,2,54,41,30,3
4,2,54,42,30,3
4,2,59,38,30,3
4,2,59,39,30,3
4,2,59,40,30,3
4,2,59,41,30,3
4,2,59,44,30,3
4,2,59,45,30,3
4,2,59,46,30,3
4,2,59,47,30,3
4,2,59,48,30,3
4,3,4,43,30,3
4,3,4,44,30,3
4,3,4,45,30,3
4,3,4,46,30,3
4,3,4,47,30,3
4,3,4,50,30,3
4,3,4,51,30,3
4,3,4,52,30,3
4,3,4,53,30,3
4,3,9,49,30,3
4,3,9,50,30,3
4,3,9,51,30,3
4,3,9,52,30,3
4,3,9,53,30,3
4,3,9,55,30,3
4,3,9,56,30,3
4,3,9,57,30,3
4,3,9,58,30,3
4,3,9,59,30,3
4,3,14,55,30,3
4,3,14,56,30,3
4,3,14,57,30,3
4,3,14,58,30,3
4,3,15,2,30,3
4,3,15,3,30,3
4,3,15,4,30,3
4,3,15,5,30,3
4,3,20,0,30,3
4,3,20,1,30,3
4,3,20,2,30,3
4,3,20,3,30,3
4,3,20,4,30,3
4,3,20,6,30,3
4,3,20,7,30,3
4,3,20,8,30,3
4,3,20,9,30,3
4,3,20,10,30,3
4,3,25,7,30,3
4,3,25,8,30,3
4,3,25,9,30,3
4,3,25,10,30,3
4,3,25,12,30,3
4,3,25,13,30,3
4,3,25,14,30,3
4,3,25,15,30,3
4,3,25,16,30,3
4,3,30,11,30,3
4,3,30,12,30,3
4,3,30,13,30,3
4,3,30,14,30,3
4,3,30,15,30,3
4,3,30,18,30,3
4,3,30,19,30,3
4,3,30,20,30,3
4,3,30,21,30,3
4,3,35,19,30,3
4,3,35,20,30,3
4,3,35,21,30,3
4,3,35,23,30,3
4,3,35,24,30,3
4,3,35,25,30,3
4,3,35,26,30,3
4,3,35,27,30,3
4,3,40,23,30,3
4,3,40,24,30,3
4,3,40,25,30,3
4,3,40,26,30,3
4,3,40,30,30,3
4,3,40,31,30,3
4,3,40,32,30,3
4,3,40,33,30,3
4,3,45,28,30,3
4,3,45,29,30,3
4,3,45,30,30,3
4,3,45,31,30,3
4,3,45,32,30,3
4,3,45,34,30,3
4,3,45,35,30,3
4,3,45,36,30,3
4,3,45,37,30,3
4,3,45,38,30,3
4,3,50,35,30,3
4,3,50,36,30,3
4,3,50,37,30,3
4,3,50,38,30,3
4,3,50,40,30,3
4,3,50,41,30,3
4,3,50,42,30,3
4,3,50,43,30,3
4,3,50,44,30,3
4,3,55,39,30,3
4,3,55,40,30,3
4,3,55,41,30,3
4,3,55,42,30,3
4,3,55,43,30,3
4,3,55,46,30,3
4,3,55,47,30,3
4,3,55,48,30,3
4,3,55,49,30,3
4,4,0,46,30,3
4,4,0,51,30,3
4,4,0,52,30,3
4,4,0,53,30,3
4,4,0,54,30,3
4,4,0,55,30,3
4,4,5,51,30,3
4,4,5,52,30,3
4,4,5,53,30,3
4,4,5,54,30,3
4,4,5,58,30,3
4,4,5,59,30,3
4,4,6,0,30,3
4,4,6,1,30,3
4,4,10,56,30,3
4,4,10,57,30,3
4,4,10,58,30,3
4,4,10,59,30,3
4,4,11,0,30,3
4,4,11,2,30,3
4,4,11,3,30,3
4,4,11,4,30,3
4,4,11,5,30,3
4,4,11,6,30,3
4,4,16,3,30,3
4,4,16,4,30,3
4,4,16,5,30,3
4,4,16,6,30,3
4,4,16,12,30,3
4,4,21,7,30,3
4,4,21,8,30,3
4,4,21,9,30,3
4,4,21,10,30,3
4,4,21,11,30,3
4,4,21,14,30,3
4,4,21,15,30,3
4,4,21,16,30,3
4,4,21,17,30,3
4,4,26,14,30,3
4,4,26,15,30,3
4,4,26,16,30,3
4,4,26,17,30,3
4,4,26,19,30,3
4,4,26,20,30,3
4,4,26,21,30,3
4,4,26,22,30,3
4,4,26,23,30,3
4,4,31,18,30,3
4,4,31,19,30,3
4,4,31,20,30,3
4,4,31,21,30,3
4,4,31,22,30,3
4,4,31,26,30,3
4,4,31,27,30,3
4,4,31,28,30,3
4,4,31,29,30,3
4,4,36,24,30,3
4,4,36,25,30,3
4,4,36,26,30,3
4,4,36,27,30,3
4,4,36,28,30,3
4,4,36,31,30,3
4,4,36,32,30,3
4,4,36,33,30,3
4,4,36,34,30,3
4,4,41,30,30,3
4,4,41,31,30,3
4,4,41,33,30,3
4,4,41,34,30,3
4,4,41,36,30,3
4,4,41,37,30,3
4,4,41,38,30,3
4,4,41,39,30,3
4,4,41,40,30,3
4,4,46,35,30,3
4,4,46,36,30,3
4,4,46,37,30,3
4,4,46,38,30,3
4,4,46,39,30,3
4,4,46,43,30,3
4,4,46,44,30,3
4,4,46,45,30,3
4,4,46,46,30,3
4,4,51,42,30,3
4,4,51,43,30,3
4,4,51,44,30,3
4,4,51,45,30,3
4,4,51,47,30,3
4,4,51,48,30,3
4,4,51,49,30,3
4,4,51,50,30,3
4,4,51,51,30,3
4,4,56,46,30,3
4,4,56,47,30,3
4,4,56,48,30,3
4,4,56,49,30,3
4,4,56,50,30,3
4,4,56,53,30,3
4,4,56,54,30,3
4,4,56,55,30,3
4,4,56,56,30,3
4,4,56,57,30,3
4,5,1,53,30,3
4,5,1,54,30,3
4,5,1,55,30,3
4,5,1,56,30,3
4,5,2,0,30,3
4,5,2,1,30,3
4,5,2,2,30,3
4,5,2,3,30,3
4,5,6,59,30,3
4,5,7,0,30,3
4,5,7,1,30,3
4,5,7,2,30,3
4,5,7,4,30,3
4,5,7,5,30,3
4,5,7,6,30,3
4,5,7,7,30,3
4,5,7,8,30,3
5,5,12,3,30,3
5,5,12,4,30,3
5,5,12,5,30,3
5,5,12,6,30,3
5,5,12,7,30,3
5,5,12,11,30,3
5,5,12,12,30,3
5,5,12,13,30,3
5,5,12,14,30,3
4,5,17,10,30,3
4,5,17,11,30,3
4,5,17,12,30,3
4,5,17,13,30,3
4,5,17,15,30,3
4,5,17,16,30,3
4,5,17,17,30,3
4,5,17,18,30,3
4,5,17,19,30,3
4,5,22,14,30,3
4,5,22,15,30,3
4,5,22,16,30,3
4,5,22,17,30,3
4,5,22,18,30,3
4,5,22,22,30,3
4,5,22,23,30,3
4,5,22,24,30,3
4,5,22,25,30,3
4,5,27,20,30,3
4,5,27,21,30,3
4,5,27,22,30,3
4,5,27,23,30,3
4,5,27,24,30,3
4,5,27,28,30,3
4,5,27,29,30,3
4,5,27,30,30,3
4,5,27,31,30,3
4,5,32,27,30,3
4,5,32,28,30,3
4,5,32,29,30,3
4,5,32,30,30,3
4,5,32,32,30,3
4,5,32,33,30,3
4,5,32,34,30,3
4,5,32,35,30,3
4,5,32,36,30,3
4,5,37,31,30,3
4,5,37,32,30,3
4,5,37,33,30,3
4,5,37,34,30,3
4,5,37,35,30,3
4,5,37,39,30,3
4,5,37,40,30,3
4,5,37,41,30,3
4,5,37,42,30,3
4,5,42,38,30,3
4,5,42,39,30,3
4,5,42,40,30,3
4,5,42,41,30,3
4,5,42,43,30,3
4,5,42,44,30,3
4,5,42,45,30,3
4,5,42,46,30,3
4,5,42,47,30,3
4,5,47,44,30,3
4,5,47,45,30,3
4,5,47,46,30,3
4,5,47,47,30,3
4,5,47,50,30,3
4,5,47,51,30,3
4,5,47,52,30,3
4,5,47,53,30,3
4,5,52,48,30,3
4,5,52,49,30,3
4,5,52,50,30,3
4,5,52,51,30,3
4,5,52,52,30,3
4,5,52,56,30,3
4,5,52,57,30,3
4,5,52,58,30,3
4,5,52,59,30,3
4,5,57,55,30,3
4,5,57,56,30,3
4,5,57,57,30,3
4,5,57,58,30,3
4,5,58,0,30,3
4,5,58,1,30,3
4,5,58,2,30,3
4,5,58,3,30,3
4,5,58,4,30,3
4,6,2,59,30,3
4,6,3,0,30,3
4,6,3,1,30,3
4,6,3,2,30,3
4,6,3,3,30,3
4,6,3,7,30,3
4,6,3,8,30,3
4,6,3,9,30,3
4,6,3,10,30,3
4,6,8,6,30,3
4,6,8,7,30,3
4,6,8,8,30,3
4,6,8,9,30,3
4,6,8,11,30,3
4,6,8,12,30,3
4,6,8,13,30,3
4,6,8,14,30,3
4,6,8,16,30,3
4,6,13,12,30,3
4,6,13,13,30,3
4,6,13,14,30,3
4,6,13,15,30,3
4,6,13,17,30,3
4,6,13,18,30,3
4,6,13,19,30,3
4,6,13,20,30,3
4,6,13,21,30,3
4,6,18,16,30,3
4,6,18,17,30,3
4,6,18,18,30,3
4,6,18,19,30,3
4,6,18,20,30,3
4,6,18,24,30,3
4,6,18,25,30,3
4,6,18,26,30,3
4,6,18,27,30,3
4,6,23,23,30,3
4,6,23,24,30,3
4,6,23,25,30,3
4,6,23,26,30,3
4,6,23,28,30,3
4,6,23,29,30,3
4,6,23,30,30,3
4,6,23,31,30,3
4,6,23,32,30,3
4,6,28,29,30,3
4,6,28,30,30,3
4,6,28,31,30,3
4,6,28,32,30,3
4,6,28,35,30,3
4,6,28,36,30,3
4,6,28,37,30,3
4,6,28,38,30,3
4,6,33,33,30,3
4,6,33,34,30,3
4,6,33,35,30,3
4,6,33,36,30,3
4,6,33,37,30,3
4,6,33,40,30,3
4,6,33,41,30,3
4,6,33,42,30,3
4,6,33,43,30,3
4,6,33,44,30,3
4,6,38,40,30,3
4,6,38,41,30,3
4,6,38,42,30,3
4,6,38,43,30,3
4,6,38,45,30,3
4,6,38,46,30,3
4,6,38,47,30,3
4,6,38,48,30,3
4,6,38,49,30,3
4,6,43,44,30,3
4,6,43,45,30,3
4,6,43,46,30,3
4,6,43,47,30,3
4,6,43,48,30,3
4,6,43,52,30,3
4,6,43,53,30,3
4,6,43,54,30,3
4,6,43,55,30,3
4,6,48,51,30,3
4,6,48,52,30,3
4,6,48,53,30,3
4,6,48,54,30,3
4,6,48,57,30,3
4,6,48,58,30,3
4,6,48,59,30,3
4,6,49,0,30,3
4,6,49,1,30,3
4,6,53,55,30,3
4,6,53,57,30,3
4,6,53,58,30,3
4,6,53,59,30,3
4,6,54,0,30,3
4,6,54,3,30,3
4,6,54,4,30,3
4,6,54,5,30,3
4,6,54,6,30,3
4,6,59,9,30,3
4,6,59,10,30,3
4,6,59,11,30,3
4,6,59,12,30,3
4,7,4,8,30,3
4,7,4,9,30,3
4,7,4,10,30,3
4,7,4,11,30,3
4,7,4,13,30,3
4,7,4,14,30,3
4,7,4,15,30,3
4,7,4,16,30,3
4,7,4,17,30,3
4,7,9,12,30,3
4,7,9,13,30,3
4,7,9,14,30,3
4,7,9,15,30,3
4,7,9,16,30,3
4,7,9,20,30,3
4,7,9,21,30,3
4,7,9,22,30,3
4,7,9,23,30,3
4,7,14,19,30,3
4,7,14,20,30,3
4,7,14,21,30,3
4,7,14,22,30,3
4,7,14,25,30,3
4,7,14,26,30,3
4,7,14,27,30,3
4,7,14,28,30,3
4,7,14,29,30,3
4,7,19,25,30,3
4,7,19,26,30,3
4,7,19,27,30,3
4,7,19,28,30,3
4,7,19,30,30,3
4,7,19,31,30,3
4,7,19,32,30,3
4,7,19,33,30,3
4,7,19,34,30,3
4,7,24,29,30,3
4,7,24,30,30,3
4,7,24,31,30,3
4,7,24,32,30,3
4,7,24,33,30,3
4,7,24,37,30,3
4,7,24,38,30,3
4,7,24,39,30,3
4,7,24,40,30,3
4,7,29,36,30,3
4,7,29,37,30,3
4,7,29,38,30,3
4,7,29,39,30,3
4,7,29,42,30,3
4,7,29,43,30,3
4,7,29,44,30,3
4,7,29,45,30,3
4,7,29,46,30,3
5,7,34,41,30,3
5,7,34,42,30,3
5,7,34,43,30,3
5,7,34,44,30,3
5,7,34,45,30,3
5,7,34,48,30,3
5,7,34,49,30,3
5,7,34,50,30,3
5,7,34,51,30,3
4,7,39,47,30,3
4,7,39,48,30,3
4,7,39,49,30,3
4,7,39,50,30,3
4,7,39,54,30,3
4,7,39,55,30,3
4,7,39,56,30,3
4,7,39,57,30,3
4,7,44,52,30,3
4,7,44,53,30,3
4,7,44,54,30,3
4,7,44,55,30,3
4,7,44,56,30,3
4,7,44,58,30,3
4,7,44,59,30,3
4,7,45,0,30,3
4,7,45,1,30,3
4,7,45,3,30,3
4,7,49,57,30,3
4,7,49,58,30,3
4,7,49,59,30,3
4,7,50,0,30,3
4,7,50,1,30,3
4,7,50,5,30,3
4,7,50,6,30,3
4,7,50,7,30,3
4,7,50,8,30,3
5,7,55,4,30,3
5,7,55,5,30,3
5,7,55,6,30,3
5,7,55,7,30,3
4,7,55,11,30,3
5,7,55,12,30,3
5,7,55,13,30,3
5,7,55,14,30,3
4,8,0,9,30,3
4,8,0,10,30,3
4,8,0,11,30,3
4,8,0,12,30,3
4,8,0,13,30,3
4,8,0,15,30,3
4,8,0,16,30,3
4,8,0,17,30,3
4,8,0,18,30,3
4,8,0,19,30,3
5,8,5,15,30,3
5,8,5,16,30,3
5,8,5,17,30,3
5,8,5,18,30,3
5,8,5,22,30,3
5,8,5,23,30,3
5,8,5,24,30,3
5,8,5,25,30,3
5,8,10,21,30,3
5,8,10,22,30,3
5,8,10,23,30,3
5,8,10,24,30,3
5,8,10,27,30,3
5,8,10,28,30,3
5,8,10,29,30,3
5,8,10,30,30,3
5,8,10,31,30,3
5,8,15,26,30,3
5,8,15,27,30,3
5,8,15,28,30,3
5,8,15,29,30,3
5,8,15,30,30,3
5,8,15,33,30,3
5,8,15,34,30,3
5,8,15,35,30,3
5,8,15,36,30,3
5,8,20,32,30,3
5,8,20,33,30,3
4,8,20,34,30,3
4,8,20,35,30,3
4,8,20,38,30,3
4,8,20,39,30,3
4,8,20,40,30,3
4,8,20,41,30,3
4,8,20,42,30,3
4,8,25,37,30,3
4,8,25,38,30,3
4,8,25,39,30,3
4,8,25,40,30,3
4,8,25,41,30,3
4,8,25,43,30,3
4,8,25,44,30,3
4,8,25,45,30,3
4,8,25,46,30,3
4,8,25,47,30,3
5,8,30,42,30,3
5,8,30,43,30,3
5,8,30,44,30,3
5,8,30,45,30,3
5,8,30,46,30,3
5,8,30,50,30,3
5,8,30,51,30,3
5,8,30,52,30,3
5,8,30,53,30,3
5,8,35,49,30,3
5,8,35,50,30,3
5,8,35,51,30,3
5,8,35,52,30,3
5,8,35,55,30,3
5,8,35,56,30,3
5,8,35,57,30,3
5,8,35,58,30,3
5,8,35,59,30,3
6,8,40,54,30,3
6,8,40,55,30,3
6,8,40,56,30,3
6,8,40,57,30,3
6,8,40,58,30,3
6,8,41,4,30,3
6,8,45,59,30,3
6,8,46,0,30,3
6,8,46,1,30,3
6,8,46,2,30,3
6,8,46,3,30,3
6,8,46,7,30,3
6,8,46,8,30,3
6,8,46,9,30,3
6,8,46,10,30,3
7,8,51,6,30,3
7,8,51,7,30,3
7,8,51,8,30,3
7,8,51,9,30,3
7,8,51,12,30,3
6,8,51,13,30,3
6,8,51,14,30,3
6,8,51,15,30,3
6,8,51,16,30,3
6,8,56,11,30,3
6,8,56,12,30,3
6,8,56,13,30,3
6,8,56,14,30,3
6,8,56,15,30,3
6,8,56,18,30,3
6,8,56,19,30,3
6,8,56,20,30,3
6,8,56,21,30,3
5,9,1,17,30,3
5,9,1,18,30,3
5,9,1,19,30,3
5,9,1,20,30,3
5,9,1,24,30,3
5,9,1,25,30,3
5,9,1,26,30,3
5,9,1,27,30,3
5,9,6,22,30,3
5,9,6,23,30,3
6,9,6,24,30,3
6,9,6,25,30,3
6,9,6,26,30,3
6,9,6,29,30,3
6,9,6,30,30,3
6,9,6,31,30,3
6,9,6,32,30,3
6,9,6,33,30,3
6,9,11,28,30,3
6,9,11,29,30,3
6,9,11,30,30,3
6,9,11,31,30,3
6,9,11,32,30,3
6,9,11,35,30,3
6,9,11,36,30,3
6,9,11,37,30,3
6,9,11,38,30,3
5,9,16,34,30,3
5,9,16,35,30,3
5,9,16,36,30,3
5,9,16,37,30,3
5,9,16,40,30,3
5,9,16,41,30,3
5,9,16,42,30,3
5,9,16,43,30,3
5,9,16,44,30,3
5,9,21,39,30,3
5,9,21,40,30,3
5,9,21,41,30,3
5,9,21,42,30,3
5,9,21,43,30,3
5,9,21,46,30,3
5,9,21,47,30,3
5,9,21,48,30,3
5,9,21,49,30,3
5,9,26,45,30,3
5,9,26,46,30,3
5,9,26,47,30,3
5,9,26,48,30,3
5,9,26,52,30,3
5,9,26,53,30,3
5,9,26,54,30,3
5,9,26,55,30,3
5,9,31,51,30,3
5,9,31,52,30,3
5,9,31,53,30,3
5,9,31,54,30,3
5,9,31,57,30,3
5,9,31,58,30,3
5,9,31,59,30,3
5,9,32,0,30,3
5,9,32,1,30,3
5,9,36,56,30,3
5,9,36,57,30,3
5,9,36,58,30,3
5,9,36,59,30,3
5,9,37,0,30,3
5,9,37,3,30,3
5,9,37,4,30,3
5,9,37,5,30,3
5,9,37,6,30,3
5,9,42,2,30,3
5,9,42,3,30,3
5,9,42,4,30,3
5,9,42,5,30,3
5,9,42,8,30,3
5,9,42,9,30,3
5,9,42,10,30,3
5,9,42,11,30,3
5,9,42,12,30,3
5,9,47,7,30,3
5,9,47,8,30,3
5,9,47,9,30,3
5,9,47,10,30,3
5,9,47,11,30,3
5,9,47,14,30,3
5,9,47,15,30,3
5,9,47,16,30,3
5,9,47,17,30,3
5,9,52,13,30,3
5,9,52,14,30,3
5,9,52,15,30,3
5,9,52,16,30,3
5,9,52,19,30,3
5,9,52,20,30,3
5,9,52,21,30,3
5,9,52,22,30,3
5,9,52,23,30,3
5,9,57,18,30,3
5,9,57,19,30,3
5,9,57,20,30,3
5,9,57,21,30,3
5,9,57,22,30,3
5,9,57,25,30,3
5,9,57,26,30,3
5,9,57,27,30,3
5,9,57,28,30,3
5,9,57,29,30,3
5,10,2,24,30,3
5,10,2,25,30,3
5,10,2,26,30,3
5,10,2,27,30,3
5,10,2,28,30,3
5,10,2,31,30,3
5,10,2,32,30,3
5,10,2,33,30,3
5,10,2,34,30,3
5,10,7,30,30,3
5,10,7,31,30,3
5,10,7,32,30,3
5,10,7,33,30,3
5,10,7,36,30,3
5,10,7,37,30,3
5,10,7,38,30,3
5,10,7,39,30,3
5,10,7,40,30,3
6,10,12,35,30,3
6,10,12,36,30,3
6,10,12,37,30,3
6,10,12,38,30,3
6,10,12,39,30,3
6,10,12,42,30,3
6,10,12,43,30,3
6,10,12,44,30,3
6,10,12,45,30,3
6,10,17,41,30,3
6,10,17,42,30,3
6,10,17,43,30,3
6,10,17,44,30,3
6,10,17,47,30,3
6,10,17,48,30,3
6,10,17,49,30,3
6,10,17,50,30,3
6,10,17,51,30,3
6,10,22,46,30,3
6,10,22,47,30,3
6,10,22,48,30,3
6,10,22,49,30,3
6,10,22,50,30,3
6,10,22,57,30,3
6,10,27,53,30,3
6,10,27,54,30,3
6,10,27,55,30,3
6,10,27,56,30,3
6,10,27,59,30,3
6,10,28,0,30,3
6,10,28,1,30,3
6,10,28,2,30,3
6,10,32,58,30,3
6,10,32,59,30,3
6,10,33,0,30,3
6,10,33,1,30,3
6,10,33,4,30,3
6,10,33,5,30,3
6,10,33,6,30,3
6,10,33,7,30,3
6,10,33,8,30,3
6,10,38,3,30,3
6,10,38,4,30,3
6,10,38,5,30,3
6,10,38,6,30,3
6,10,38,7,30,3
6,10,38,10,30,3
6,10,38,11,30,3
6,10,38,12,30,3
6,10,38,13,30,3
7,10,43,9,30,3
7,10,43,10,30,3
7,10,43,11,30,3
7,10,43,12,30,3
7,10,43,15,30,3
7,10,43,16,30,3
7,10,43,17,30,3
7,10,43,18,30,3
7,10,43,19,30,3
7,10,48,14,30,3
7,10,48,15,30,3
7,10,48,16,30,3
7,10,48,17,30,3
7,10,48,18,30,3
7,10,48,21,30,3
7,10,48,22,30,3
7,10,48,23,30,3
7,10,48,24,30,3
7,10,48,25,30,3
7,10,53,21,30,3
7,10,53,22,30,3
7,10,53,23,30,3
7,10,53,24,30,3
7,10,53,27,30,3
7,10,53,28,30,3
7,10,53,29,30,3
7,10,53,30,30,3
6,10,58,25,30,3
6,10,58,26,30,3
6,10,58,27,30,3
6,10,58,28,30,3
6,10,58,29,30,3
6,10,58,32,30,3
6,10,58,33,30,3
6,10,58,34,30,3
6,10,58,35,30,3
6,10,58,36,30,3
6,11,3,34,30,3
6,11,3,35,30,3
6,11,3,39,30,3
6,11,3,40,30,3
6,11,3,41,30,3
6,11,3,42,30,3
5,11,8,37,30,3
5,11,8,38,30,3
5,11,8,39,30,3
5,11,8,40,30,3
5,11,8,43,30,3
5,11,8,44,30,3
5,11,8,45,30,3
5,11,8,46,30,3
5,11,8,47,30,3
5,11,13,42,30,3
5,11,13,43,30,3
5,11,13,44,30,3
5,11,13,45,30,3
5,11,13,46,30,3
5,11,13,49,30,3
5,11,13,50,30,3
5,11,13,51,30,3
5,11,13,52,30,3
5,11,13,53,30,3
6,11,18,48,30,3
6,11,18,49,30,3
6,11,18,50,30,3
6,11,18,51,30,3
6,11,18,55,30,3
6,11,18,56,30,3
6,11,18,57,30,3
5,11,18,58,30,3
5,11,23,53,30,3
5,11,23,54,30,3
5,11,23,55,30,3
5,11,23,56,30,3
5,11,23,57,30,3
5,11,24,0,30,3
5,11,24,1,30,3
5,11,24,2,30,3
5,11,24,3,30,3
5,11,24,4,30,3
5,11,29,0,30,3
5,11,29,1,30,3
5,11,29,2,30,3
5,11,29,6,30,3
5,11,29,7,30,3
5,11,29,8,30,3
5,11,29,10,30,3
5,11,34,5,30,3
5,11,34,6,30,3
5,11,34,7,30,3
5,11,34,8,30,3
5,11,34,11,30,3
5,11,34,12,30,3
5,11,34,13,30,3
5,11,34,14,30,3
5,11,34,15,30,3
5,11,39,10,30,3
5,11,39,11,30,3
5,11,39,12,30,3
5,11,39,13,30,3
5,11,39,14,30,3
5,11,39,17,30,3
5,11,39,18,30,3
5,11,39,19,30,3
5,11,39,20,30,3
5,11,39,21,30,3
5,11,44,17,30,3
5,11,44,18,30,3
5,11,44,19,30,3
5,11,44,20,30,3
5,11,44,23,30,3
5,11,44,24,30,3
5,11,44,25,30,3
5,11,44,26,30,3
5,11,49,21,30,3
5,11,49,22,30,3
5,11,49,23,30,3
5,11,49,24,30,3
5,11,49,25,30,3
5,11,49,28,30,3
5,11,49,29,30,3
5,11,49,30,30,3
5,11,49,31,30,3
5,11,49,32,30,3
4,11,54,27,30,3
4,11,54,28,30,3
4,11,54,29,30,3
4,11,54,30,30,3
4,11,54,31,30,3
4,11,54,35,30,3
4,11,54,36,30,3
4,11,54,37,30,3
4,11,54,38,30,3
4,11,59,33,30,3
4,11,59,34,30,3
4,11,59,35,30,3
4,11,59,36,30,3
4,11,59,39,30,3
4,11,59,40,30,3
4,11,59,41,30,3
4,11,59,42,30,3
4,11,59,43,30,3
5,12,4,38,30,3
5,12,4,39,30,3
5,12,4,40,30,3
5,12,4,41,30,3
5,12,4,42,30,3
5,12,4,45,30,3
5,12,4,46,30,3
5,12,4,47,30,3
5,12,4,48,30,3
5,12,4,49,30,3
4,12,9,45,30,3
4,12,9,46,30,3
4,12,9,47,30,3
4,12,9,48,30,3
4,12,9,52,30,3
4,12,9,53,30,3
4,12,9,54,30,3
4,12,9,55,30,3
5,12,14,49,30,3
5,12,14,50,30,3
5,12,14,51,30,3
5,12,14,52,30,3
5,12,14,53,30,3
5,12,14,56,30,3
5,12,14,57,30,3
5,12,14,58,30,3
5,12,14,59,30,3
5,12,15,0,30,3
4,12,19,55,30,3
4,12,19,56,30,3
4,12,19,57,30,3
4,12,19,58,30,3
4,12,19,59,30,3
4,12,20,3,30,3
4,12,20,4,30,3
4,12,20,5,30,3
4,12,20,6,30,3
4,12,25,2,30,3
4,12,25,3,30,3
4,12,25,4,30,3
4,12,25,5,30,3
4,12,25,7,30,3
4,12,25,8,30,3
4,12,25,9,30,3
4,12,25,10,30,3
4,12,25,11,30,3
4,12,30,6,30,3
4,12,30,7,30,3
4,12,30,8,30,3
4,12,30,9,30,3
4,12,30,10,30,3
4,12,30,14,30,3
4,12,30,15,30,3
4,12,30,16,30,3
4,12,30,17,30,3
5,12,35,13,30,3
5,12,35,14,30,3
5,12,35,15,30,3
5,12,35,16,30,3
5,12,35,18,30,3
5,12,35,19,30,3
5,12,35,20,30,3
5,12,35,21,30,3
5,12,35,22,30,3
4,12,40,17,30,3
4,12,40,18,30,3
4,12,40,19,30,3
4,12,40,20,30,3
4,12,40,21,30,3
4,12,40,24,30,3
4,12,40,25,30,3
4,12,40,26,30,3
4,12,40,27,30,3
4,12,40,28,30,3
4,12,45,23,30,3
4,12,45,24,30,3
4,12,45,25,30,3
4,12,45,26,30,3
4,12,45,27,30,3
4,12,45,31,30,3
4,12,45,32,30,3
4,12,45,33,30,3
4,12,45,34,30,3
4,12,50,30,30,3
4,12,50,31,30,3
5,12,50,32,30,3
4,12,50,33,30,3
4,12,50,35,30,3
4,12,50,36,30,3
4,12,50,37,30,3
4,12,50,38,30,3
4,12,50,39,30,3
5,12,55,34,30,3
5,12,55,35,30,3
4,12,55,36,30,3
4,12,55,37,30,3
4,12,55,38,30,3
5,12,55,42,30,3
5,12,55,43,30,3
5,12,55,44,30,3
5,12,55,45,30,3
4,13,0,41,30,3
4,13,0,42,30,3
4,13,0,43,30,3
4,13,0,44,30,3
4,13,0,47,30,3
4,13,0,48,30,3
4,13,0,49,30,3
4,13,0,50,30,3
5,13,5,46,30,3
5,13,5,47,30,3
5,13,5,48,30,3
5,13,5,49,30,3
5,13,5,52,30,3
5,13,5,53,30,3
5,13,5,54,30,3
5,13,5,55,30,3
5,13,5,56,30,3
5,13,10,51,30,3
5,13,10,52,30,3
5,13,10,53,30,3
5,13,10,54,30,3
5,13,10,55,30,3
5,13,10,59,30,3
5,13,11,0,30,3
5,13,11,1,30,3
5,13,11,2,30,3
5,13,15,58,30,3
5,13,15,59,30,3
5,13,16,0,30,3
5,13,16,1,30,3
5,13,16,3,30,3
5,13,16,4,30,3
5,13,16,5,30,3
5,13,16,6,30,3
5,13,16,7,30,3
5,13,21,2,30,3
5,13,21,3,30,3
5,13,21,4,30,3
5,13,21,5,30,3
5,13,21,6,30,3
5,13,21,10,30,3
5,13,21,11,30,3
5,13,26,9,30,3
5,13,26,10,30,3
5,13,26,11,30,3
5,13,26,12,30,3
5,13,26,16,30,3
5,13,26,17,30,3
5,13,26,18,30,3
5,13,26,19,30,3
5,13,31,15,30,3
5,13,31,16,30,3
5,13,31,17,30,3
5,13,31,18,30,3
5,13,31,20,30,3
5,13,31,21,30,3
5,13,31,22,30,3
5,13,31,23,30,3
5,13,31,24,30,3
