2,5,19,58,29,3
2,5,19,59,29,3
2,5,20,0,29,3
2,5,20,1,29,3
2,5,20,2,29,3
1,5,25,3,29,3
1,5,25,4,29,3
1,5,25,5,29,3
1,5,25,6,29,3
1,5,25,7,29,3
1,5,30,10,29,3
1,5,30,11,29,3
1,5,30,12,29,3
1,5,30,13,29,3
1,5,35,14,29,3
1,5,35,15,29,3
1,5,35,16,29,3
1,5,35,17,29,3
1,5,35,18,29,3
1,5,40,21,29,3
1,5,40,22,29,3
1,5,40,23,29,3
1,5,40,24,29,3
1,5,45,27,29,3
1,5,45,28,29,3
1,5,45,29,29,3
1,5,45,30,29,3
1,5,50,31,29,3
1,5,50,32,29,3
1,5,50,33,29,3
1,5,50,34,29,3
1,5,50,35,29,3
1,5,55,38,29,3
1,5,55,39,29,3
1,5,55,40,29,3
1,5,55,41,29,3
1,6,0,43,29,3
1,6,0,44,29,3
1,6,0,45,29,3
1,6,0,46,29,3
1,6,0,47,29,3
1,6,5,49,29,3
1,6,5,50,29,3
1,6,5,51,29,3
1,6,5,52,29,3
1,6,10,55,29,3
1,6,10,56,29,3
1,6,10,57,29,3
1,6,10,58,29,3
1,6,15,59,29,3
1,6,16,0,29,3
1,6,16,1,29,3
1,6,16,2,29,3
1,6,16,3,29,3
1,6,21,6,29,3
1,6,21,7,29,3
1,6,21,8,29,3
1,6,21,9,29,3
1,6,26,12,29,3
1,6,26,13,29,3
1,6,26,14,29,3
1,6,26,15,29,3
1,6,31,16,29,3
1,6,31,17,29,3
1,6,31,18,29,3
1,6,31,19,29,3
1,6,31,20,29,3
1,6,36,23,29,3
1,6,36,24,29,3
1,6,36,25,29,3
1,6,36,26,29,3
1,6,41,28,29,3
1,6,41,29,29,3
1,6,41,30,29,3
1,6,41,31,29,3
1,6,41,32,29,3
1,6,46,34,29,3
1,6,46,35,29,3
1,6,46,36,29,3
1,6,46,37,29,3
1,6,51,39,29,3
1,6,51,40,29,3
1,6,51,41,29,3
1,6,51,42,29,3
1,6,51,43,29,3
1,6,56,44,29,3
1,6,56,45,29,3
1,6,56,46,29,3
1,6,56,47,29,3
1,6,56,48,29,3
1,7,1,51,29,3
1,7,1,52,29,3
1,7,1,53,29,3
1,7,1,54,29,3
0,7,6,56,29,3
0,7,6,57,29,3
0,7,6,58,29,3
0,7,6,59,29,3
0,7,7,0,29,3
1,7,12,2,29,3
1,7,12,3,29,3
1,7,12,4,29,3
1,7,12,5,29,3
0,7,17,7,29,3
0,7,17,8,29,3
0,7,17,9,29,3
0,7,17,10,29,3
0,7,17,11,29,3
0,7,22,12,29,3
0,7,22,13,29,3
0,7,22,14,29,3
0,7,22,15,29,3
0,7,22,16,29,3
1,7,27,19,29,3
1,7,27,20,29,3
1,7,27,21,29,3
1,7,27,22,29,3
1,7,32,24,29,3
1,7,32,25,29,3
1,7,32,26,29,3
1,7,32,27,29,3
1,7,32,28,29,3
1,7,37,30,29,3
1,7,37,31,29,3
1,7,37,32,29,3
1,7,37,33,29,3
1,7,42,35,29,3
1,7,42,36,29,3
1,7,42,37,29,3
1,7,42,38,29,3
1,7,42,39,29,3
1,7,47,41,29,3
1,7,47,42,29,3
1,7,47,43,29,3
1,7,47,44,29,3
1,7,52,47,29,3
1,7,52,48,29,3
1,7,52,49,29,3
1,7,52,50,29,3
0,7,57,52,29,3
0,7,57,53,29,3
0,7,57,54,29,3
0,7,57,55,29,3
0,7,57,56,29,3
1,8,2,58,29,3
1,8,2,59,29,3
1,8,3,0,29,3
1,8,3,1,29,3
1,8,8,3,29,3
1,8,8,4,29,3
1,8,8,5,29,3
1,8,8,6,29,3
1,8,8,7,29,3
1,8,13,9,29,3
1,8,13,10,29,3
1,8,13,11,29,3
1,8,13,12,29,3
1,8,18,14,29,3
1,8,18,15,29,3
1,8,18,16,29,3
1,8,18,17,29,3
1,8,18,18,29,3
1,8,23,22,29,3
1,8,23,23,29,3
1,8,23,24,29,3
1,8,28,26,29,3
1,8,28,27,29,3
1,8,28,28,29,3
1,8,28,29,29,3
1,8,33,31,29,3
1,8,33,32,29,3
1,8,33,33,29,3
1,8,33,34,29,3
1,8,33,35,29,3
1,8,38,37,29,3
1,8,38,38,29,3
1,8,38,39,29,3
1,8,38,40,29,3
1,8,43,42,29,3
1,8,43,43,29,3
1,8,43,44,29,3
1,8,43,45,29,3
1,8,43,46,29,3
0,8,48,49,29,3
0,8,48,50,29,3
0,8,48,51,29,3
0,8,48,52,29,3
1,8,53,54,29,3
1,8,53,55,29,3
1,8,53,56,29,3
1,8,53,57,29,3
1,8,58,59,29,3
1,8,59,0,29,3
1,8,59,1,29,3
1,8,59,2,29,3
1,8,59,3,29,3
1,9,4,5,29,3
1,9,4,6,29,3
1,9,4,7,29,3
1,9,4,8,29,3
1,9,9,10,29,3
1,9,9,11,29,3
1,9,9,12,29,3
1,9,9,13,29,3
1,9,9,14,29,3
0,9,14,17,29,3
0,9,14,18,29,3
0,9,14,19,29,3
0,9,19,22,29,3
0,9,19,23,29,3
0,9,19,24,29,3
0,9,19,25,29,3
1,9,24,27,29,3
1,9,24,28,29,3
1,9,24,29,29,3
1,9,24,30,29,3
1,9,24,31,29,3
1,9,29,34,29,3
1,9,29,35,29,3
1,9,29,36,29,3
1,9,29,37,29,3
1,9,34,38,29,3
1,9,34,39,29,3
1,9,34,40,29,3
1,9,34,41,29,3
1,9,34,42,29,3
1,9,39,45,29,3
0,9,44,50,29,3
0,9,44,51,29,3
0,9,44,52,29,3
0,9,44,53,29,3
1,9,49,55,29,3
1,9,49,56,29,3
1,9,49,57,29,3
1,9,49,58,29,3
1,9,49,59,29,3
1,9,55,1,29,3
1,9,55,2,29,3
1,9,55,3,29,3
1,9,55,4,29,3
1,10,0,6,29,3
1,10,0,7,29,3
1,10,0,8,29,3
1,10,0,9,29,3
1,10,0,10,29,3
1,10,5,13,29,3
1,10,5,14,29,3
1,10,5,15,29,3
1,10,5,16,29,3
1,10,10,18,29,3
1,10,10,19,29,3
1,10,10,20,29,3
1,10,10,21,29,3
1,10,15,23,29,3
1,10,15,24,29,3
1,10,15,25,29,3
1,10,15,26,29,3
1,10,15,27,29,3
1,10,20,30,29,3
1,10,20,31,29,3
1,10,20,32,29,3
1,10,20,33,29,3
1,10,25,34,29,3
1,10,25,35,29,3
1,10,25,36,29,3
1,10,25,37,29,3
1,10,25,38,29,3
1,10,30,41,29,3
1,10,30,42,29,3
1,10,30,43,29,3
1,10,30,44,29,3
1,10,35,46,29,3
1,10,35,47,29,3
1,10,35,48,29,3
1,10,35,49,29,3
1,10,40,51,29,3
1,10,40,52,29,3
1,10,40,53,29,3
1,10,40,54,29,3
1,10,40,55,29,3
1,10,45,58,29,3
1,10,45,59,29,3
1,10,46,0,29,3
1,10,46,1,29,3
1,10,51,2,29,3
1,10,51,3,29,3
1,10,51,4,29,3
1,10,51,5,29,3
1,10,51,6,29,3
1,10,56,8,29,3
1,10,56,9,29,3
1,10,56,10,29,3
1,10,56,11,29,3
1,10,56,12,29,3
2,11,1,15,29,3
2,11,1,16,29,3
2,11,1,17,29,3
2,11,1,18,29,3
2,11,6,19,29,3
2,11,6,20,29,3
2,11,6,21,29,3
2,11,6,22,29,3
2,11,6,23,29,3
2,11,11,26,29,3
2,11,11,27,29,3
2,11,11,28,29,3
2,11,11,29,29,3
2,11,16,31,29,3
2,11,16,32,29,3
2,11,16,33,29,3
2,11,16,34,29,3
1,11,21,36,29,3
1,11,21,37,29,3
1,11,21,38,29,3
1,11,21,39,29,3
1,11,21,40,29,3
2,11,26,43,29,3
2,11,26,44,29,3
2,11,26,45,29,3
2,11,26,46,29,3
2,11,31,47,29,3
2,11,31,48,29,3
2,11,31,49,29,3
2,11,31,50,29,3
2,11,31,51,29,3
2,11,42,0,29,3
2,11,42,1,29,3
2,11,42,2,29,3
2,11,42,3,29,3
2,11,47,4,29,3
2,11,47,5,29,3
2,11,47,6,29,3
2,11,47,7,29,3
2,11,47,8,29,3
1,11,52,11,29,3
1,11,52,12,29,3
1,11,52,13,29,3
1,11,52,14,29,3
1,11,57,15,29,3
1,11,57,16,29,3
1,11,57,17,29,3
1,11,57,18,29,3
1,11,57,19,29,3
1,12,2,21,29,3
1,12,2,22,29,3
2,12,2,23,29,3
2,12,2,24,29,3
1,12,2,25,29,3
2,12,7,28,29,3
2,12,7,29,29,3
2,12,7,30,29,3
2,12,7,31,29,3
1,12,12,32,29,3
1,12,12,33,29,3
1,12,12,34,29,3
1,12,12,35,29,3
1,12,12,36,29,3
1,12,17,39,29,3
1,12,17,40,29,3
1,12,17,41,29,3
1,12,17,42,29,3
1,12,22,45,29,3
1,12,22,46,29,3
1,12,22,47,29,3
1,12,22,48,29,3
2,12,27,49,29,3
2,12,27,50,29,3
1,12,27,51,29,3
1,12,27,52,29,3
1,12,27,53,29,3
1,12,32,56,29,3
1,12,32,57,29,3
1,12,32,58,29,3
1,12,32,59,29,3
2,12,38,0,29,3
2,12,38,1,29,3
2,12,38,2,29,3
2,12,38,3,29,3
2,12,38,4,29,3
2,12,43,7,29,3
2,12,43,8,29,3
2,12,43,9,29,3
2,12,43,10,29,3
2,12,48,13,29,3
1,12,48,14,29,3
1,12,48,15,29,3
1,12,48,16,29,3
1,12,53,17,29,3
1,12,53,18,29,3
1,12,53,19,29,3
1,12,53,20,29,3
1,12,53,21,29,3
1,12,58,24,29,3
1,12,58,25,29,3
1,12,58,26,29,3
1,12,58,27,29,3
1,13,3,29,29,3
1,13,3,30,29,3
1,13,3,31,29,3
1,13,3,32,29,3
1,13,3,33,29,3
1,13,8,35,29,3
1,13,8,36,29,3
1,13,8,37,29,3
1,13,8,38,29,3
1,13,13,41,29,3
1,13,13,42,29,3
1,13,13,43,29,3
1,13,13,44,29,3
2,13,18,45,29,3
2,13,18,46,29,3
2,13,18,47,29,3
2,13,18,48,29,3
2,13,18,49,29,3
2,13,23,52,29,3
2,13,23,53,29,3
2,13,23,54,29,3
2,13,23,55,29,3
1,13,28,57,29,3
1,13,28,58,29,3
1,13,28,59,29,3
1,13,29,0,29,3
1,13,29,1,29,3
1,13,39,9,29,3
1,13,39,10,29,3
1,13,39,11,29,3
1,13,39,12,29,3
1,13,44,14,29,3
1,13,44,15,29,3
1,13,44,16,29,3
1,13,44,17,29,3
1,13,44,18,29,3
1,13,49,20,29,3
1,13,49,21,29,3
1,13,49,22,29,3
1,13,49,23,29,3
1,13,54,26,29,3
1,13,54,27,29,3
1,13,54,28,29,3
1,13,54,29,29,3
2,13,59,30,29,3
2,13,59,31,29,3
2,13,59,32,29,3
2,13,59,33,29,3
2,13,59,34,29,3
2,14,4,37,29,3
2,14,4,38,29,3
2,14,4,39,29,3
2,14,4,40,29,3
2,14,9,42,29,3
2,14,9,43,29,3
2,14,9,44,29,3
2,14,9,45,29,3
2,14,9,46,29,3
2,14,19,54,29,3
2,14,19,55,29,3
2,14,19,56,29,3
2,14,19,57,29,3
1,14,24,59,29,3
1,14,25,0,29,3
1,14,25,1,29,3
1,14,25,2,29,3
1,14,25,3,29,3
2,14,30,5,29,3
2,14,30,6,29,3
2,14,30,7,29,3
2,14,30,8,29,3
2,14,35,11,29,3
2,14,35,12,29,3
2,14,35,13,29,3
2,14,35,14,29,3
2,14,40,15,29,3
2,14,40,16,29,3
2,14,40,17,29,3
2,14,40,18,29,3
2,14,40,19,29,3
2,14,45,22,29,3
2,14,45,23,29,3
2,14,45,24,29,3
2,14,45,25,29,3
1,14,50,27,29,3
1,14,50,28,29,3
1,14,50,29,29,3
1,14,50,30,29,3
1,14,50,31,29,3
1,14,55,33,29,3
1,14,55,34,29,3
1,14,55,35,29,3
1,14,55,36,29,3
1,15,0,38,29,3
1,15,0,39,29,3
1,15,0,40,29,3
1,15,0,41,29,3
1,15,0,42,29,3
2,15,5,44,29,3
2,15,5,45,29,3
2,15,5,46,29,3
2,15,5,47,29,3
2,15,10,49,29,3
2,15,10,50,29,3
2,15,10,51,29,3
2,15,10,52,29,3
2,15,10,53,29,3
2,15,21,1,29,3
2,15,21,2,29,3
2,15,21,3,29,3
2,15,21,4,29,3
2,15,26,6,29,3
2,15,26,7,29,3
2,15,26,8,29,3
2,15,26,9,29,3
2,15,26,10,29,3
2,15,31,12,29,3
2,15,31,13,29,3
2,15,31,14,29,3
2,15,31,15,29,3
1,15,36,17,29,3
1,15,36,18,29,3
1,15,36,19,29,3
1,15,36,20,29,3
1,15,36,21,29,3
2,15,41,23,29,3
2,15,41,24,29,3
2,15,41,25,29,3
2,15,41,26,29,3
2,15,41,27,29,3
1,15,46,29,29,3
1,15,46,30,29,3
1,15,46,31,29,3
1,15,46,32,29,3
2,15,51,34,29,3
2,15,51,35,29,3
2,15,51,36,29,3
2,15,51,37,29,3
2,15,51,38,29,3
1,15,56,41,29,3
1,15,56,42,29,3
1,15,56,43,29,3
1,15,56,44,29,3
2,16,1,46,29,3
2,16,1,47,29,3
2,16,1,48,29,3
2,16,1,49,29,3
2,16,6,51,29,3
2,16,6,52,29,3
2,16,6,53,29,3
2,16,6,54,29,3
2,16,6,55,29,3
2,16,11,57,29,3
2,16,11,58,29,3
2,16,11,59,29,3
2,16,12,0,29,3
1,16,17,2,29,3
1,16,17,3,29,3
1,16,17,4,29,3
1,16,17,5,29,3
1,16,17,6,29,3
2,16,22,8,29,3
2,16,22,9,29,3
2,16,22,10,29,3
2,16,22,11,29,3
2,16,22,12,29,3
1,16,27,14,29,3
1,16,27,15,29,3
1,16,27,16,29,3
1,16,27,17,29,3
1,16,32,19,29,3
1,16,32,20,29,3
1,16,32,21,29,3
1,16,32,22,29,3
1,16,32,23,29,3
1,16,37,26,29,3
1,16,37,27,29,3
1,16,37,28,29,3
1,16,37,29,29,3
1,16,42,31,29,3
1,16,42,32,29,3
1,16,42,33,29,3
1,16,42,34,29,3
2,16,47,36,29,3
2,16,47,37,29,3
2,16,47,38,29,3
2,16,47,39,29,3
2,16,47,40,29,3
2,16,52,42,29,3
2,16,52,43,29,3
2,16,52,44,29,3
2,16,52,45,29,3
2,16,57,47,29,3
2,16,57,48,29,3
2,16,57,49,29,3
2,16,57,50,29,3
2,16,57,51,29,3
1,17,2,54,29,3
1,17,2,55,29,3
1,17,2,56,29,3
1,17,2,57,29,3
1,17,7,59,29,3
1,17,8,0,29,3
2,17,8,1,29,3
2,17,8,2,29,3
1,17,13,4,29,3
1,17,13,5,29,3
1,17,13,6,29,3
1,17,13,7,29,3
1,17,13,8,29,3
2,17,18,11,29,3
2,17,18,12,29,3
2,17,18,13,29,3
2,17,18,14,29,3
2,17,23,15,29,3
2,17,23,16,29,3
2,17,23,17,29,3
2,17,23,18,29,3
2,17,23,19,29,3
2,17,28,22,29,3
2,17,28,23,29,3
2,17,28,24,29,3
2,17,28,25,29,3
2,17,33,27,29,3
2,17,33,28,29,3
2,17,33,29,29,3
2,17,33,30,29,3
2,17,38,32,29,3
2,17,38,33,29,3
2,17,38,34,29,3
2,17,38,35,29,3
2,17,38,36,29,3
1,17,43,39,29,3
1,17,43,40,29,3
1,17,43,41,29,3
1,17,43,42,29,3
2,17,48,43,29,3
2,17,48,44,29,3
2,17,48,45,29,3
2,17,48,46,29,3
2,17,48,47,29,3
1,17,53,51,29,3
1,17,53,52,29,3
1,17,53,53,29,3
2,17,58,55,29,3
2,17,58,56,29,3
2,17,58,57,29,3
2,17,58,58,29,3
1,18,4,0,29,3
1,18,4,1,29,3
1,18,4,2,29,3
1,18,4,3,29,3
1,18,4,4,29,3
1,18,9,7,29,3
1,18,9,8,29,3
1,18,9,9,29,3
1,18,9,10,29,3
1,18,14,11,29,3
1,18,14,12,29,3
1,18,14,13,29,3
1,18,14,14,29,3
1,18,14,15,29,3
1,18,19,18,29,3
1,18,19,19,29,3
1,18,19,20,29,3
1,18,19,21,29,3
1,18,24,23,29,3
1,18,24,24,29,3
1,18,24,25,29,3
1,18,24,26,29,3
1,18,29,28,29,3
1,18,29,29,29,3
1,18,29,30,29,3
1,18,29,31,29,3
1,18,29,32,29,3
1,18,34,35,29,3
1,18,34,36,29,3
1,18,34,37,29,3
1,18,34,38,29,3
1,18,39,39,29,3
1,18,39,40,29,3
1,18,39,41,29,3
1,18,39,42,29,3
1,18,39,43,29,3
1,18,44,45,29,3
1,18,44,46,29,3
1,18,44,47,29,3
1,18,44,48,29,3
1,18,44,49,29,3
1,18,49,52,29,3
1,18,49,53,29,3
1,18,49,54,29,3
1,18,49,55,29,3
2,18,54,56,29,3
2,18,54,57,29,3
2,18,54,58,29,3
2,18,54,59,29,3
2,18,55,0,29,3
1,19,0,3,29,3
1,19,0,4,29,3
1,19,0,5,29,3
1,19,0,6,29,3
1,19,5,9,29,3
1,19,5,10,29,3
1,19,5,11,29,3
1,19,5,12,29,3
2,19,10,13,29,3
2,19,10,14,29,3
2,19,10,15,29,3
2,19,10,16,29,3
2,19,10,17,29,3
2,19,15,20,29,3
2,19,15,21,29,3
2,19,15,22,29,3
2,19,15,23,29,3
2,19,20,24,29,3
2,19,20,25,29,3
2,19,20,26,29,3
2,19,20,27,29,3
2,19,20,28,29,3
2,19,25,30,29,3
2,19,25,31,29,3
2,19,25,32,29,3
2,19,25,33,29,3
2,19,25,34,29,3
2,19,30,37,29,3
2,19,30,38,29,3
2,19,30,39,29,3
2,19,30,40,29,3
2,19,35,41,29,3
2,19,35,42,29,3
2,19,35,43,29,3
2,19,35,44,29,3
2,19,35,45,29,3
2,19,40,48,29,3
2,19,40,49,29,3
2,19,40,50,29,3
2,19,40,51,29,3
2,19,45,54,29,3
2,19,45,55,29,3
2,19,45,56,29,3
2,19,45,57,29,3
2,19,50,58,29,3
2,19,50,59,29,3
2,19,51,0,29,3
2,19,51,1,29,3
2,19,51,2,29,3
2,19,56,5,29,3
2,19,56,6,29,3
2,19,56,7,29,3
2,19,56,8,29,3
2,20,1,10,29,3
2,20,1,11,29,3
2,20,1,12,29,3
2,20,1,13,29,3
2,20,1,14,29,3
2,20,6,15,29,3
2,20,6,16,29,3
2,20,6,17,29,3
2,20,6,18,29,3
2,20,6,19,29,3
2,20,11,22,29,3
2,20,11,23,29,3
2,20,11,24,29,3
2,20,11,25,29,3
2,20,16,26,29,3
2,20,16,27,29,3
2,20,16,28,29,3
2,20,16,29,29,3
2,20,16,31,29,3
2,20,21,33,29,3
2,20,21,34,29,3
2,20,21,35,29,3
2,20,21,36,29,3
2,20,26,39,29,3
2,20,26,40,29,3
2,20,26,41,29,3
2,20,26,42,29,3
2,20,31,43,29,3
2,20,31,44,29,3
2,20,31,45,29,3
2,20,31,46,29,3
2,20,31,47,29,3
2,20,36,50,29,3
2,20,36,51,29,3
2,20,36,52,29,3
2,20,36,53,29,3
2,20,41,56,29,3
2,20,41,57,29,3
2,20,41,58,29,3
2,20,41,59,29,3
2,20,47,0,29,3
2,20,47,1,29,3
2,20,47,2,29,3
2,20,47,3,29,3
2,20,47,4,29,3
2,20,52,7,29,3
2,20,52,8,29,3
2,20,52,9,29,3
2,20,52,10,29,3
2,20,57,12,29,3
2,20,57,13,29,3
2,20,57,14,29,3
2,20,57,15,29,3
2,20,57,16,29,3
2,21,2,18,29,3
2,21,2,19,29,3
2,21,2,20,29,3
2,21,2,21,29,3
2,21,7,23,29,3
2,21,7,24,29,3
2,21,7,25,29,3
2,21,7,26,29,3
2,21,7,27,29,3
2,21,12,28,29,3
2,21,12,29,29,3
2,21,12,30,29,3
2,21,12,31,29,3
2,21,12,32,29,3
2,21,17,35,29,3
2,21,17,36,29,3
2,21,17,37,29,3
2,21,17,38,29,3
2,21,22,40,29,3
2,21,22,41,29,3
2,21,22,42,29,3
2,21,22,43,29,3
2,21,22,44,29,3
2,21,27,45,29,3
2,21,27,46,29,3
2,21,27,47,29,3
2,21,27,49,29,3
2,21,27,50,29,3
2,21,32,52,29,3
2,21,32,53,29,3
2,21,32,54,29,3
2,21,32,55,29,3
2,21,37,57,29,3
2,21,37,58,29,3
2,21,37,59,29,3
2,21,38,0,29,3
2,21,38,1,29,3
2,21,43,3,29,3
2,21,43,4,29,3
2,21,43,5,29,3
2,21,43,6,29,3
2,21,48,9,29,3
2,21,48,10,29,3
2,21,48,11,29,3
2,21,48,12,29,3
2,21,53,13,29,3
2,21,53,14,29,3
2,21,53,15,29,3
2,21,53,16,29,3
2,21,53,17,29,3
2,21,58,20,29,3
2,21,58,21,29,3
2,21,58,22,29,3
2,21,58,23,29,3
2,22,3,25,29,3
2,22,3,26,29,3
2,22,3,27,29,3
2,22,3,28,29,3
2,22,3,29,29,3
2,22,8,31,29,3
2,22,8,32,29,3
2,22,8,33,29,3
2,22,8,34,29,3
2,22,13,36,29,3
2,22,13,37,29,3
2,22,13,38,29,3
2,22,13,39,29,3
2,22,13,40,29,3
2,22,18,41,29,3
2,22,18,42,29,3
2,22,18,43,29,3
2,22,18,44,29,3
2,22,18,45,29,3
2,22,23,48,29,3
2,22,23,49,29,3
2,22,23,50,29,3
2,22,23,51,29,3
2,22,28,53,29,3
2,22,28,54,29,3
2,22,28,55,29,3
2,22,28,56,29,3
2,22,28,57,29,3
2,22,33,59,29,3
2,22,34,0,29,3
2,22,39,5,29,3
2,22,39,6,29,3
2,22,39,7,29,3
2,22,39,8,29,3
2,22,44,10,29,3
2,22,44,11,29,3
2,22,44,12,29,3
2,22,44,13,29,3
2,22,44,14,29,3
2,22,49,16,29,3
2,22,49,17,29,3
2,22,49,18,29,3
2,22,49,19,29,3
2,22,54,21,29,3
2,22,54,22,29,3
2,22,54,23,29,3
2,22,54,24,29,3
2,22,54,25,29,3
3,23,4,33,29,3
3,23,4,34,29,3
3,23,4,35,29,3
3,23,4,36,29,3
2,23,9,38,29,3
2,23,9,39,29,3
2,23,9,40,29,3
2,23,9,41,29,3
2,23,9,42,29,3
2,23,14,44,29,3
2,23,14,45,29,3
2,23,14,46,29,3
2,23,14,47,29,3
3,23,19,50,29,3
3,23,19,51,29,3
3,23,19,52,29,3
3,23,19,53,29,3
2,23,24,55,29,3
2,23,24,56,29,3
2,23,24,57,29,3
2,23,24,58,29,3
2,23,24,59,29,3
2,23,30,1,29,3
2,23,30,2,29,3
2,23,30,3,29,3
2,23,30,4,29,3
2,23,35,6,29,3
2,23,35,7,29,3
2,23,35,8,29,3
2,23,35,9,29,3
2,23,35,10,29,3
2,23,40,12,29,3
2,23,40,13,29,3
2,23,40,14,29,3
2,23,40,15,29,3
2,23,40,16,29,3
2,23,45,18,29,3
2,23,45,19,29,3
2,23,45,20,29,3
2,23,45,21,29,3
2,23,50,23,29,3
2,23,50,24,29,3
2,23,50,25,29,3
2,23,50,26,29,3
2,23,50,27,29,3
2,23,55,30,29,3
2,23,55,31,29,3
2,23,55,32,29,3
2,23,55,33,29,3
2,0,0,35,30,3
2,0,0,36,30,3
2,0,0,37,30,3
2,0,0,38,30,3
2,0,5,40,30,3
2,0,5,41,30,3
2,0,5,42,30,3
2,0,5,43,30,3
2,0,5,44,30,3
2,0,10,46,30,3
2,0,10,47,30,3
2,0,10,48,30,3
2,0,10,49,30,3
3,0,15,51,30,3
3,0,15,52,30,3
3,0,15,53,30,3
3,0,15,54,30,3
3,0,15,55,30,3
3,0,20,58,30,3
3,0,20,59,30,3
3,0,21,0,30,3
3,0,21,1,30,3
2,0,26,3,30,3
2,0,26,4,30,3
2,0,26,5,30,3
2,0,26,6,30,3
2,0,31,9,30,3
2,0,31,10,30,3
2,0,31,11,30,3
2,0,31,12,30,3
2,0,36,14,30,3
2,0,36,15,30,3
2,0,36,16,30,3
2,0,36,17,30,3
2,0,41,19,30,3
2,0,41,20,30,3
2,0,41,21,30,3
2,0,41,22,30,3
2,0,41,23,30,3
3,0,46,25,30,3
3,0,46,26,30,3
3,0,46,27,30,3
3,0,46,28,30,3
2,0,51,30,30,3
2,0,51,31,30,3
2,0,51,32,30,3
2,0,51,33,30,3
2,0,51,34,30,3
2,0,56,37,30,3
2,0,56,38,30,3
2,0,56,39,30,3
2,1,1,42,30,3
2,1,1,43,30,3
2,1,1,44,30,3
2,1,1,45,30,3
1,1,6,47,30,3
1,1,6,48,30,3
1,1,6,49,30,3
1,1,6,50,30,3
1,1,6,51,30,3
1,1,11,54,30,3
1,1,11,55,30,3
1,1,11,56,30,3
1,1,11,57,30,3
1,1,16,58,30,3
1,1,16,59,30,3
1,1,17,0,30,3
1,1,17,1,30,3
1,1,17,2,30,3
1,1,22,4,30,3
1,1,22,5,30,3
1,1,22,6,30,3
1,1,22,7,30,3
1,1,22,8,30,3
2,1,27,11,30,3
2,1,27,12,30,3
2,1,27,13,30,3
2,1,27,14,30,3
2,1,32,15,30,3
2,1,32,16,30,3
2,1,32,17,30,3
2,1,32,18,30,3
2,1,32,19,30,3
2,1,37,24,30,3
2,1,37,25,30,3
1,1,42,27,30,3
1,1,42,28,30,3
1,1,42,29,30,3
1,1,42,30,30,3
1,1,47,32,30,3
1,1,47,33,30,3
1,1,47,34,30,3
1,1,47,35,30,3
1,1,47,36,30,3
1,1,52,39,30,3
1,1,52,40,30,3
1,1,52,41,30,3
1,1,52,42,30,3
1,1,57,44,30,3
1,1,57,45,30,3
1,1,57,46,30,3
1,1,57,47,30,3
1,2,2,49,30,3
1,2,2,50,30,3
1,2,2,51,30,3
1,2,2,52,30,3
1,2,2,53,30,3
1,2,7,56,30,3
1,2,7,57,30,3
1,2,7,58,30,3
1,2,7,59,30,3
1,2,13,0,30,3
1,2,13,1,30,3
1,2,13,2,30,3
1,2,13,3,30,3
1,2,13,4,30,3
1,2,18,6,30,3
1,2,18,7,30,3
1,2,18,8,30,3
1,2,18,9,30,3
1,2,18,10,30,3
1,2,23,13,30,3
1,2,23,14,30,3
1,2,23,15,30,3
1,2,23,16,30,3
1,2,28,17,30,3
1,2,28,18,30,3
1,2,28,19,30,3
1,2,28,20,30,3
1,2,28,21,30,3
1,2,33,24,30,3
1,2,33,25,30,3
1,2,33,26,30,3
1,2,33,27,30,3
1,2,38,30,30,3
1,2,38,31,30,3
1,2,38,32,30,3
1,2,38,33,30,3
1,2,43,34,30,3
1,2,43,35,30,3
1,2,43,36,30,3
1,2,43,37,30,3
1,2,43,38,30,3
1,2,48,41,30,3
1,2,48,42,30,3
1,2,48,43,30,3
1,2,48,44,30,3
2,2,53,45,30,3
2,2,53,46,30,3
2,2,53,47,30,3
2,2,53,48,30,3
2,2,53,49,30,3
2,2,58,51,30,3
2,2,58,52,30,3
2,2,58,53,30,3
2,2,58,54,30,3
2,2,58,55,30,3
2,3,3,58,30,3
2,3,3,59,30,3
2,3,4,0,30,3
2,3,4,1,30,3
2,3,9,2,30,3
2,3,9,3,30,3
2,3,9,4,30,3
2,3,9,5,30,3
2,3,9,6,30,3
1,3,14,9,30,3
2,3,14,10,30,3
2,3,14,11,30,3
2,3,14,12,30,3
2,3,19,15,30,3
2,3,19,16,30,3
2,3,19,17,30,3
2,3,19,18,30,3
2,3,24,19,30,3
2,3,24,20,30,3
2,3,24,21,30,3
2,3,24,22,30,3
2,3,24,23,30,3
2,3,29,26,30,3
2,3,29,27,30,3
2,3,29,28,30,3
2,3,29,29,30,3
2,3,34,30,30,3
2,3,34,31,30,3
2,3,34,32,30,3
2,3,34,33,30,3
1,3,34,34,30,3
2,3,39,39,30,3
2,3,39,40,30,3
2,3,44,43,30,3
2,3,44,44,30,3
2,3,44,45,30,3
2,3,44,46,30,3
2,3,49,47,30,3
2,3,49,48,30,3
2,3,49,49,30,3
2,3,49,50,30,3
2,3,49,51,30,3
2,3,54,54,30,3
2,3,54,55,30,3
2,3,54,56,30,3
2,3,54,57,30,3
1,3,59,59,30,3
1,4,0,0,30,3
1,4,0,1,30,3
1,4,0,2,30,3
1,4,0,3,30,3
2,4,5,4,30,3
2,4,5,5,30,3
2,4,5,6,30,3
2,4,5,7,30,3
2,4,5,8,30,3
2,4,10,11,30,3
2,4,10,12,30,3
2,4,10,13,30,3
2,4,10,14,30,3
2,4,15,15,30,3
2,4,15,16,30,3
2,4,15,17,30,3
2,4,15,18,30,3
2,4,15,20,30,3
2,4,20,22,30,3
2,4,20,23,30,3
2,4,20,24,30,3
2,4,20,25,30,3
2,4,25,28,30,3
2,4,25,29,30,3
2,4,25,30,30,3
2,4,25,31,30,3
2,4,30,32,30,3
2,4,30,33,30,3
2,4,30,34,30,3
2,4,30,35,30,3
2,4,30,36,30,3
2,4,35,39,30,3
2,4,35,40,30,3
2,4,35,41,30,3
2,4,35,42,30,3
2,4,40,44,30,3
2,4,40,45,30,3
2,4,40,46,30,3
2,4,40,47,30,3
2,4,40,48,30,3
2,4,45,50,30,3
2,4,45,51,30,3
2,4,45,52,30,3
2,4,50,56,30,3
2,4,50,57,30,3
2,4,50,58,30,3
2,4,50,59,30,3
2,4,56,1,30,3
2,4,56,2,30,3
2,4,56,3,30,3
2,4,56,4,30,3
2,4,56,5,30,3
2,5,1,7,30,3
2,5,1,8,30,3
2,5,1,9,30,3
2,5,1,10,30,3
2,5,6,12,30,3
2,5,6,13,30,3
2,5,6,14,30,3
2,5,6,15,30,3
2,5,6,16,30,3
2,5,11,17,30,3
2,5,11,18,30,3
2,5,11,19,30,3
2,5,11,20,30,3
2,5,11,21,30,3
2,5,16,24,30,3
2,5,16,25,30,3
2,5,16,26,30,3
2,5,16,27,30,3
2,5,21,29,30,3
2,5,21,30,30,3
2,5,21,31,30,3
2,5,21,32,30,3
2,5,21,33,30,3
2,5,26,35,30,3
2,5,26,36,30,3
2,5,26,37,30,3
2,5,26,38,30,3
2,5,31,41,30,3
2,5,31,42,30,3
2,5,31,43,30,3
2,5,31,44,30,3
1,5,36,46,30,3
1,5,36,47,30,3
1,5,36,48,30,3
1,5,36,49,30,3
1,5,36,50,30,3
1,5,41,52,30,3
1,5,41,53,30,3
1,5,41,54,30,3
1,5,41,55,30,3
1,5,46,57,30,3
1,5,46,58,30,3
1,5,46,59,30,3
1,5,47,0,30,3
1,5,47,1,30,3
1,5,52,2,30,3
1,5,52,3,30,3
1,5,52,4,30,3
1,5,52,5,30,3
1,5,52,6,30,3
1,5,57,9,30,3
1,5,57,10,30,3
1,5,57,11,30,3
1,5,57,12,30,3
1,6,2,14,30,3
1,6,2,15,30,3
1,6,2,16,30,3
1,6,2,17,30,3
1,6,2,18,30,3
1,6,7,20,30,3
1,6,7,21,30,3
1,6,7,22,30,3
1,6,7,23,30,3
1,6,12,25,30,3
1,6,12,26,30,3
1,6,12,27,30,3
1,6,12,28,30,3
1,6,12,29,30,3
1,6,17,31,30,3
1,6,17,32,30,3
1,6,17,33,30,3
1,6,17,34,30,3
1,6,17,35,30,3
1,6,22,37,30,3
1,6,22,38,30,3
1,6,22,39,30,3
1,6,22,40,30,3
2,6,27,42,30,3
2,6,27,43,30,3
2,6,27,44,30,3
1,6,27,45,30,3
1,6,27,46,30,3
1,6,32,48,30,3
1,6,32,49,30,3
1,6,32,50,30,3
1,6,32,51,30,3
1,6,37,53,30,3
1,6,37,54,30,3
1,6,37,55,30,3
1,6,37,56,30,3
1,6,37,57,30,3
1,6,42,59,30,3
1,6,43,0,30,3
1,6,43,1,30,3
1,6,43,2,30,3
1,6,43,3,30,3
1,6,48,5,30,3
1,6,48,6,30,3
1,6,48,7,30,3
1,6,48,8,30,3
2,6,53,10,30,3
2,6,53,11,30,3
2,6,53,12,30,3
2,6,53,13,30,3
2,6,53,14,30,3
1,6,58,16,30,3
1,6,58,17,30,3
1,6,58,18,30,3
1,6,58,19,30,3
1,7,3,21,30,3
1,7,3,22,30,3
1,7,3,23,30,3
1,7,3,24,30,3
1,7,3,25,30,3
1,7,8,30,30,3
1,7,8,31,30,3
2,7,13,33,30,3
2,7,13,34,30,3
2,7,13,35,30,3
2,7,13,36,30,3
1,7,18,38,30,3
1,7,18,39,30,3
1,7,18,40,30,3
1,7,18,41,30,3
1,7,18,42,30,3
2,7,23,44,30,3
2,7,23,45,30,3
2,7,23,46,30,3
2,7,23,47,30,3
2,7,28,49,30,3
2,7,28,50,30,3
2,7,28,51,30,3
2,7,28,52,30,3
2,7,28,53,30,3
2,7,33,55,30,3
2,7,33,56,30,3
2,7,33,57,30,3
2,7,33,58,30,3
2,7,33,59,30,3
2,7,39,1,30,3
2,7,39,2,30,3
2,7,39,3,30,3
2,7,39,4,30,3
2,7,44,6,30,3
2,7,44,7,30,3
2,7,44,8,30,3
2,7,44,9,30,3
2,7,44,10,30,3
2,7,49,12,30,3
2,7,49,13,30,3
2,7,49,14,30,3
2,7,49,15,30,3
2,7,54,17,30,3
2,7,54,18,30,3
2,7,54,19,30,3
2,7,54,20,30,3
2,7,54,21,30,3
2,7,59,24,30,3
2,7,59,25,30,3
2,7,59,26,30,3
2,7,59,27,30,3
2,8,4,28,30,3
2,8,4,29,30,3
2,8,4,30,30,3
2,8,4,31,30,3
2,8,4,32,30,3
2,8,9,35,30,3
2,8,9,36,30,3
2,8,9,37,30,3
2,8,9,38,30,3
2,8,14,40,30,3
2,8,14,41,30,3
2,8,14,42,30,3
2,8,14,43,30,3
2,8,19,45,30,3
2,8,19,46,30,3
2,8,19,47,30,3
2,8,19,48,30,3
2,8,19,49,30,3
2,8,24,52,30,3
2,8,24,53,30,3
2,8,24,54,30,3
2,8,24,55,30,3
2,8,29,56,30,3
2,8,29,57,30,3
2,8,29,58,30,3
2,8,29,59,30,3
2,8,30,0,30,3
2,8,40,8,30,3
2,8,40,9,30,3
2,8,40,10,30,3
2,8,40,11,30,3
3,8,45,13,30,3
3,8,45,14,30,3
3,8,45,15,30,3
3,8,45,16,30,3
3,8,45,17,30,3
4,8,50,20,30,3
4,8,50,21,30,3
4,8,50,22,30,3
4,8,50,23,30,3
4,8,55,24,30,3
4,8,55,25,30,3
4,8,55,26,30,3
4,8,55,27,30,3
4,8,55,28,30,3
3,9,0,33,30,3
3,9,0,34,30,3
3,9,5,37,30,3
3,9,5,38,30,3
3,9,5,39,30,3
3,9,5,40,30,3
3,9,10,41,30,3
3,9,10,42,30,3
3,9,10,43,30,3
3,9,10,44,30,3
3,9,10,45,30,3
3,9,15,48,30,3
3,9,15,49,30,3
3,9,15,50,30,3
3,9,15,51,30,3
3,9,20,53,30,3
3,9,20,54,30,3
3,9,20,55,30,3
3,9,20,56,30,3
3,9,25,58,30,3
3,9,25,59,30,3
3,9,26,0,30,3
3,9,26,1,30,3
3,9,26,2,30,3
3,9,31,5,30,3
3,9,31,6,30,3
3,9,31,7,30,3
3,9,31,8,30,3
3,9,36,9,30,3
3,9,36,10,30,3
3,9,36,11,30,3
3,9,36,12,30,3
3,9,36,13,30,3
3,9,41,16,30,3
3,9,41,17,30,3
3,9,41,18,30,3
3,9,41,19,30,3
3,9,46,22,30,3
3,9,46,23,30,3
3,9,46,24,30,3
3,9,46,25,30,3
3,9,51,26,30,3
3,9,51,27,30,3
3,9,51,28,30,3
3,9,51,29,30,3
3,9,51,30,30,3
3,9,56,33,30,3
3,9,56,34,30,3
3,9,56,35,30,3
3,9,56,36,30,3
3,10,1,37,30,3
3,10,1,38,30,3
3,10,1,39,30,3
3,10,1,40,30,3
3,10,1,41,30,3
3,10,6,43,30,3
3,10,6,44,30,3
3,10,6,45,30,3
3,10,6,46,30,3
3,10,6,47,30,3
3,10,11,50,30,3
3,10,11,51,30,3
3,10,11,52,30,3
3,10,11,53,30,3
3,10,16,54,30,3
3,10,16,55,30,3
3,10,16,56,30,3
3,10,16,57,30,3
3,10,16,58,30,3
3,10,22,1,30,3
3,10,22,2,30,3
3,10,22,3,30,3
3,10,22,4,30,3
3,10,27,7,30,3
3,10,27,8,30,3
3,10,27,9,30,3
3,10,27,10,30,3
4,10,32,11,30,3
4,10,32,12,30,3
4,10,32,13,30,3
4,10,32,14,30,3
4,10,32,15,30,3
4,10,37,18,30,3
4,10,37,19,30,3
4,10,37,20,30,3
4,10,37,21,30,3
4,10,42,22,30,3
4,10,42,23,30,3
4,10,42,24,30,3
4,10,42,25,30,3
4,10,42,26,30,3
4,10,47,28,30,3
4,10,47,29,30,3
4,10,47,30,30,3
4,10,47,31,30,3
4,10,47,32,30,3
4,10,52,35,30,3
4,10,52,36,30,3
4,10,52,37,30,3
4,10,52,38,30,3
4,10,57,39,30,3
4,10,57,40,30,3
4,10,57,41,30,3
4,10,57,42,30,3
4,10,57,43,30,3
4,11,2,46,30,3
4,11,2,47,30,3
4,11,2,48,30,3
4,11,2,49,30,3
3,11,7,52,30,3
3,11,7,53,30,3
3,11,7,54,30,3
3,11,7,55,30,3
2,11,12,56,30,3
2,11,12,57,30,3
2,11,12,58,30,3
2,11,12,59,30,3
2,11,13,0,30,3
2,11,18,3,30,3
2,11,18,4,30,3
2,11,18,5,30,3
2,11,18,6,30,3
2,11,23,8,30,3
2,11,23,9,30,3
2,11,23,10,30,3
2,11,23,11,30,3
2,11,23,12,30,3
2,11,28,13,30,3
2,11,28,14,30,3
2,11,28,15,30,3
2,11,28,16,30,3
2,11,28,17,30,3
2,11,33,20,30,3
2,11,33,21,30,3
2,11,33,22,30,3
2,11,33,23,30,3
2,11,38,25,30,3
2,11,38,26,30,3
2,11,38,27,30,3
2,11,38,28,30,3
2,11,38,29,30,3
2,11,43,31,30,3
2,11,43,32,30,3
2,11,43,33,30,3
2,11,43,34,30,3
2,11,48,37,30,3
2,11,48,38,30,3
2,11,48,39,30,3
2,11,48,40,30,3
2,11,53,41,30,3
2,11,53,42,30,3
2,11,53,43,30,3
2,11,53,44,30,3
2,11,53,45,30,3
2,11,58,48,30,3
2,11,58,49,30,3
2,11,58,50,30,3
2,11,58,51,30,3
2,12,3,53,30,3
2,12,3,54,30,3
2,12,3,55,30,3
2,12,3,56,30,3
2,12,3,57,30,3
2,12,8,58,30,3
2,12,8,59,30,3
2,12,9,0,30,3
2,12,9,1,30,3
2,12,9,2,30,3
2,12,14,5,30,3
2,12,14,6,30,3
2,12,14,7,30,3
2,12,14,8,30,3
2,12,19,10,30,3
2,12,19,11,30,3
2,12,19,12,30,3
2,12,19,13,30,3
2,12,19,14,30,3
2,12,24,16,30,3
2,12,24,17,30,3
2,12,24,18,30,3
2,12,24,19,30,3
2,12,29,22,30,3
2,12,29,23,30,3
2,12,29,24,30,3
2,12,29,25,30,3
2,12,34,26,30,3
2,12,34,27,30,3
2,12,34,28,30,3
2,12,34,29,30,3
2,12,34,30,30,3
2,12,39,33,30,3
2,12,39,34,30,3
2,12,39,35,30,3
2,12,39,36,30,3
2,12,44,38,30,3
2,12,44,39,30,3
2,12,44,40,30,3
2,12,44,41,30,3
2,12,44,42,30,3
1,12,49,44,30,3
1,12,49,45,30,3
1,12,49,46,30,3
1,12,49,47,30,3
2,12,54,49,30,3
2,12,54,50,30,3
2,12,54,51,30,3
2,12,54,52,30,3
2,12,54,53,30,3
2,12,59,54,30,3
2,12,59,55,30,3
2,12,59,56,30,3
2,12,59,57,30,3
2,12,59,58,30,3
2,13,5,1,30,3
2,13,5,2,30,3
2,13,5,3,30,3
2,13,5,4,30,3
2,13,10,6,30,3
2,13,10,7,30,3
2,13,10,8,30,3
2,13,10,9,30,3
2,13,10,10,30,3
2,13,15,12,30,3
2,13,15,13,30,3
2,13,15,14,30,3
2,13,15,15,30,3
3,13,20,17,30,3
3,13,20,18,30,3
3,13,20,19,30,3
3,13,20,20,30,3
3,13,20,21,30,3
3,13,25,22,30,3
3,13,25,23,30,3
3,13,25,24,30,3
3,13,25,25,30,3
3,13,25,26,30,3
3,13,30,29,30,3
3,13,30,30,30,3
3,13,30,31,30,3
3,13,30,32,30,3
2,13,35,34,30,3
2,13,35,35,30,3
3,13,35,36,30,3
3,13,35,37,30,3
3,13,35,38,30,3
