27,5,18,19,29,3
27,5,18,20,29,3
27,5,18,21,29,3
27,5,18,22,29,3
26,5,23,14,29,3
26,5,23,15,29,3
26,5,23,16,29,3
26,5,23,17,29,3
26,5,23,23,29,3
26,5,23,25,29,3
26,5,23,26,29,3
26,5,23,27,29,3
26,5,23,28,29,3
28,5,28,18,29,3
28,5,28,19,29,3
28,5,28,20,29,3
28,5,28,21,29,3
28,5,28,22,29,3
28,5,28,32,29,3
28,5,28,33,29,3
28,5,33,25,29,3
28,5,33,26,29,3
28,5,33,27,29,3
28,5,33,28,29,3
28,5,33,36,29,3
28,5,33,37,29,3
28,5,33,38,29,3
28,5,33,39,29,3
28,5,38,31,29,3
28,5,38,32,29,3
28,5,38,33,29,3
28,5,38,34,29,3
28,5,38,40,29,3
28,5,38,41,29,3
28,5,38,42,29,3
28,5,38,43,29,3
28,5,38,44,29,3
28,5,43,35,29,3
28,5,43,36,29,3
28,5,43,37,29,3
28,5,43,38,29,3
28,5,43,39,29,3
28,5,43,47,29,3
28,5,43,48,29,3
28,5,43,49,29,3
28,5,43,50,29,3
26,5,48,42,29,3
26,5,48,43,29,3
26,5,48,44,29,3
26,5,48,45,29,3
26,5,48,52,29,3
26,5,48,53,29,3
26,5,48,54,29,3
26,5,48,55,29,3
26,5,48,56,29,3
25,5,53,47,29,3
25,5,53,48,29,3
25,5,53,49,29,3
25,5,53,50,29,3
25,5,53,51,29,3
25,5,53,58,29,3
25,5,53,59,29,3
25,5,58,53,29,3
25,5,58,54,29,3
25,5,58,55,29,3
25,5,58,56,29,3
25,5,59,4,29,3
25,5,59,5,29,3
25,5,59,6,29,3
25,5,59,7,29,3
25,6,3,59,29,3
25,6,4,0,29,3
25,6,4,1,29,3
25,6,4,2,29,3
25,6,4,8,29,3
25,6,4,9,29,3
25,6,4,10,29,3
25,6,4,11,29,3
25,6,4,12,29,3
25,6,9,4,29,3
25,6,9,5,29,3
25,6,9,6,29,3
25,6,9,7,29,3
25,6,9,8,29,3
25,6,9,15,29,3
25,6,9,16,29,3
25,6,9,17,29,3
25,6,9,18,29,3
24,6,14,10,29,3
24,6,14,11,29,3
24,6,14,12,29,3
24,6,14,13,29,3
24,6,14,19,29,3
24,6,14,21,29,3
24,6,14,22,29,3
24,6,14,23,29,3
24,6,14,24,29,3
24,6,19,16,29,3
24,6,19,17,29,3
24,6,19,18,29,3
24,6,19,19,29,3
24,6,19,26,29,3
24,6,19,27,29,3
24,6,19,28,29,3
24,6,19,29,29,3
24,6,24,20,29,3
24,6,24,21,29,3
24,6,24,22,29,3
24,6,24,23,29,3
24,6,24,24,29,3
24,6,24,32,29,3
24,6,24,33,29,3
24,6,24,34,29,3
24,6,24,35,29,3
23,6,29,27,29,3
23,6,29,28,29,3
23,6,29,29,29,3
23,6,29,30,29,3
23,6,29,36,29,3
23,6,29,37,29,3
23,6,29,38,29,3
23,6,29,39,29,3
23,6,29,40,29,3
24,6,34,32,29,3
24,6,34,33,29,3
24,6,34,34,29,3
24,6,34,35,29,3
24,6,34,36,29,3
24,6,34,43,29,3
24,6,34,44,29,3
24,6,34,45,29,3
24,6,34,46,29,3
26,6,39,38,29,3
26,6,39,39,29,3
26,6,39,40,29,3
26,6,39,41,29,3
26,6,39,48,29,3
26,6,39,49,29,3
26,6,39,50,29,3
26,6,39,51,29,3
26,6,39,52,29,3
24,6,44,44,29,3
24,6,44,45,29,3
24,6,44,46,29,3
24,6,44,47,29,3
24,6,44,54,29,3
24,6,44,55,29,3
24,6,44,56,29,3
24,6,44,57,29,3
23,6,49,48,29,3
23,6,49,49,29,3
23,6,49,50,29,3
23,6,49,51,29,3
23,6,49,52,29,3
23,6,50,0,29,3
23,6,50,1,29,3
23,6,50,2,29,3
23,6,50,3,29,3
23,6,54,55,29,3
23,6,54,56,29,3
23,6,54,57,29,3
23,6,54,58,29,3
23,6,55,5,29,3
23,6,55,6,29,3
23,6,55,7,29,3
23,6,55,8,29,3
23,6,55,9,29,3
23,7,0,0,29,3
23,7,0,1,29,3
23,7,0,2,29,3
23,7,0,3,29,3
23,7,0,4,29,3
23,7,0,11,29,3
23,7,0,12,29,3
23,7,0,13,29,3
23,7,0,14,29,3
23,7,5,6,29,3
23,7,5,7,29,3
23,7,5,8,29,3
23,7,5,9,29,3
23,7,5,16,29,3
23,7,5,17,29,3
23,7,5,18,29,3
23,7,5,19,29,3
23,7,5,20,29,3
22,7,10,11,29,3
22,7,10,12,29,3
22,7,10,13,29,3
22,7,10,14,29,3
22,7,10,15,29,3
23,7,10,22,29,3
23,7,10,23,29,3
23,7,10,24,29,3
23,7,10,25,29,3
23,7,15,16,29,3
23,7,15,17,29,3
23,7,15,18,29,3
23,7,15,19,29,3
23,7,15,20,29,3
23,7,15,28,29,3
23,7,15,29,29,3
23,7,15,30,29,3
23,7,15,31,29,3
23,7,20,23,29,3
23,7,20,24,29,3
23,7,20,25,29,3
23,7,20,26,29,3
23,7,20,33,29,3
23,7,20,34,29,3
23,7,20,35,29,3
23,7,20,36,29,3
23,7,20,37,29,3
23,7,25,28,29,3
23,7,25,29,29,3
23,7,25,30,29,3
23,7,25,31,29,3
23,7,25,32,29,3
23,7,25,39,29,3
23,7,25,40,29,3
23,7,25,41,29,3
23,7,25,42,29,3
23,7,30,34,29,3
23,7,30,35,29,3
23,7,30,36,29,3
23,7,30,37,29,3
23,7,30,44,29,3
23,7,30,45,29,3
23,7,30,46,29,3
23,7,30,47,29,3
23,7,30,48,29,3
24,7,35,39,29,3
24,7,35,40,29,3
24,7,35,41,29,3
24,7,35,42,29,3
24,7,35,43,29,3
24,7,35,49,29,3
24,7,35,50,29,3
24,7,35,51,29,3
24,7,35,52,29,3
24,7,35,53,29,3
25,7,40,48,29,3
25,7,40,56,29,3
25,7,40,57,29,3
25,7,40,58,29,3
25,7,40,59,29,3
26,7,45,51,29,3
26,7,45,52,29,3
26,7,45,53,29,3
26,7,45,54,29,3
26,7,46,1,29,3
26,7,46,2,29,3
26,7,46,3,29,3
26,7,46,4,29,3
26,7,46,5,29,3
26,7,50,56,29,3
26,7,50,57,29,3
26,7,50,58,29,3
26,7,50,59,29,3
26,7,51,0,29,3
26,7,51,7,29,3
26,7,51,8,29,3
26,7,51,9,29,3
26,7,51,10,29,3
26,7,56,2,29,3
26,7,56,3,29,3
26,7,56,4,29,3
26,7,56,5,29,3
26,7,56,12,29,3
26,7,56,13,29,3
26,7,56,14,29,3
26,7,56,15,29,3
26,7,56,16,29,3
26,8,1,7,29,3
26,8,1,8,29,3
26,8,1,9,29,3
26,8,1,10,29,3
26,8,1,11,29,3
26,8,1,18,29,3
26,8,1,19,29,3
26,8,1,20,29,3
26,8,1,21,29,3
26,8,1,22,29,3
25,8,6,24,29,3
25,8,6,25,29,3
25,8,6,26,29,3
25,8,6,27,29,3
24,8,11,19,29,3
24,8,11,20,29,3
24,8,11,21,29,3
24,8,11,22,29,3
24,8,11,29,29,3
24,8,11,30,29,3
24,8,11,31,29,3
24,8,11,32,29,3
24,8,11,33,29,3
24,8,16,24,29,3
24,8,16,25,29,3
24,8,16,26,29,3
24,8,16,27,29,3
24,8,16,28,29,3
24,8,16,35,29,3
24,8,16,36,29,3
24,8,16,37,29,3
24,8,16,38,29,3
27,8,21,30,29,3
27,8,21,31,29,3
27,8,21,32,29,3
27,8,21,33,29,3
27,8,21,41,29,3
27,8,21,42,29,3
27,8,21,43,29,3
27,8,21,44,29,3
28,8,26,35,29,3
28,8,26,36,29,3
28,8,26,37,29,3
28,8,26,38,29,3
28,8,26,39,29,3
28,8,26,46,29,3
28,8,26,47,29,3
28,8,26,48,29,3
28,8,26,49,29,3
28,8,26,50,29,3
26,8,31,41,29,3
26,8,31,42,29,3
26,8,31,43,29,3
26,8,31,44,29,3
26,8,31,52,29,3
26,8,31,53,29,3
26,8,31,54,29,3
26,8,31,55,29,3
26,8,36,47,29,3
26,8,36,48,29,3
26,8,36,49,29,3
26,8,36,50,29,3
26,8,36,57,29,3
26,8,36,58,29,3
26,8,36,59,29,3
26,8,37,0,29,3
26,8,37,1,29,3
26,8,41,52,29,3
26,8,41,53,29,3
26,8,41,54,29,3
26,8,41,55,29,3
26,8,41,56,29,3
26,8,42,7,29,3
26,8,46,58,29,3
26,8,46,59,29,3
26,8,47,0,29,3
26,8,47,1,29,3
26,8,47,9,29,3
26,8,47,10,29,3
26,8,47,11,29,3
26,8,47,12,29,3
27,8,52,3,29,3
27,8,52,4,29,3
27,8,52,5,29,3
27,8,52,6,29,3
27,8,52,7,29,3
27,8,52,14,29,3
27,8,52,15,29,3
27,8,52,16,29,3
27,8,52,17,29,3
27,8,52,18,29,3
28,8,57,9,29,3
28,8,57,10,29,3
28,8,57,11,29,3
28,8,57,12,29,3
28,8,57,13,29,3
28,8,57,20,29,3
28,8,57,21,29,3
28,8,57,22,29,3
28,8,57,23,29,3
27,9,2,15,29,3
27,9,2,16,29,3
27,9,2,17,29,3
27,9,2,18,29,3
27,9,2,25,29,3
27,9,2,26,29,3
27,9,2,27,29,3
27,9,2,28,29,3
27,9,2,29,29,3
28,9,7,20,29,3
28,9,7,21,29,3
28,9,7,22,29,3
28,9,7,23,29,3
28,9,7,24,29,3
28,9,7,32,29,3
28,9,7,33,29,3
28,9,7,34,29,3
28,9,7,35,29,3
27,9,12,27,29,3
27,9,12,28,29,3
27,9,12,36,29,3
27,9,12,37,29,3
27,9,12,38,29,3
27,9,12,39,29,3
27,9,12,40,29,3
26,9,17,32,29,3
26,9,17,33,29,3
26,9,17,34,29,3
26,9,17,35,29,3
26,9,17,42,29,3
26,9,17,43,29,3
26,9,17,44,29,3
26,9,17,45,29,3
26,9,17,46,29,3
27,9,22,37,29,3
27,9,22,38,29,3
27,9,22,39,29,3
27,9,22,40,29,3
27,9,22,41,29,3
27,9,22,48,29,3
27,9,22,49,29,3
27,9,22,50,29,3
27,9,22,51,29,3
28,9,27,44,29,3
28,9,27,45,29,3
28,9,27,46,29,3
28,9,27,47,29,3
28,9,27,53,29,3
28,9,27,54,29,3
28,9,27,55,29,3
28,9,27,56,29,3
28,9,27,57,29,3
29,9,32,49,29,3
29,9,32,50,29,3
29,9,32,51,29,3
29,9,32,52,29,3
29,9,33,0,29,3
29,9,33,1,29,3
29,9,33,2,29,3
29,9,33,3,29,3
27,9,37,54,29,3
27,9,37,55,29,3
27,9,37,56,29,3
27,9,37,57,29,3
27,9,37,58,29,3
27,9,38,5,29,3
27,9,38,6,29,3
27,9,38,7,29,3
27,9,38,8,29,3
27,9,43,0,29,3
27,9,43,1,29,3
27,9,43,2,29,3
27,9,43,3,29,3
27,9,43,10,29,3
27,9,43,11,29,3
27,9,43,12,29,3
27,9,43,13,29,3
27,9,43,14,29,3
26,9,48,5,29,3
26,9,48,6,29,3
26,9,48,7,29,3
26,9,48,8,29,3
26,9,48,9,29,3
26,9,48,16,29,3
26,9,48,17,29,3
26,9,48,18,29,3
26,9,48,19,29,3
25,9,53,12,29,3
25,9,53,13,29,3
25,9,53,14,29,3
25,9,53,15,29,3
25,9,53,21,29,3
25,9,53,22,29,3
25,9,53,23,29,3
25,9,53,24,29,3
25,9,53,25,29,3
23,9,58,17,29,3
23,9,58,18,29,3
23,9,58,19,29,3
23,9,58,20,29,3
23,9,58,28,29,3
23,9,58,29,29,3
23,9,58,30,29,3
23,10,3,22,29,3
23,10,3,23,29,3
23,10,3,24,29,3
23,10,3,25,29,3
23,10,3,26,29,3
23,10,3,33,29,3
23,10,3,34,29,3
23,10,3,35,29,3
23,10,3,36,29,3
23,10,8,29,29,3
23,10,8,30,29,3
23,10,8,31,29,3
23,10,8,32,29,3
23,10,8,38,29,3
23,10,8,39,29,3
23,10,8,40,29,3
23,10,8,41,29,3
23,10,8,42,29,3
23,10,13,33,29,3
23,10,13,34,29,3
23,10,13,35,29,3
24,10,13,36,29,3
24,10,13,37,29,3
24,10,13,45,29,3
24,10,13,46,29,3
24,10,13,47,29,3
24,10,13,48,29,3
24,10,18,40,29,3
24,10,18,41,29,3
24,10,18,42,29,3
24,10,18,43,29,3
24,10,18,49,29,3
24,10,18,50,29,3
24,10,18,51,29,3
24,10,18,52,29,3
24,10,18,53,29,3
24,10,23,44,29,3
24,10,23,45,29,3
24,10,23,46,29,3
24,10,23,47,29,3
24,10,23,48,29,3
24,10,23,55,29,3
24,10,23,56,29,3
24,10,23,57,29,3
24,10,23,58,29,3
24,10,23,59,29,3
25,10,28,50,29,3
25,10,28,51,29,3
24,10,28,52,29,3
25,10,28,53,29,3
24,10,28,54,29,3
25,10,29,2,29,3
25,10,29,3,29,3
25,10,29,4,29,3
25,10,29,5,29,3
24,10,33,57,29,3
24,10,33,58,29,3
24,10,33,59,29,3
24,10,34,0,29,3
24,10,34,6,29,3
24,10,34,7,29,3
24,10,34,8,29,3
24,10,34,9,29,3
24,10,34,10,29,3
23,10,39,1,29,3
23,10,39,2,29,3
23,10,39,3,29,3
23,10,39,4,29,3
23,10,39,5,29,3
23,10,39,15,29,3
23,10,39,16,29,3
23,10,44,8,29,3
23,10,44,9,29,3
23,10,44,10,29,3
23,10,44,11,29,3
23,10,44,18,29,3
23,10,44,19,29,3
23,10,44,20,29,3
23,10,44,21,29,3
22,10,49,12,29,3
22,10,49,13,29,3
22,10,49,14,29,3
22,10,49,15,29,3
22,10,49,16,29,3
22,10,49,23,29,3
22,10,49,24,29,3
22,10,49,25,29,3
22,10,49,26,29,3
22,10,49,27,29,3
23,10,54,18,29,3
23,10,54,19,29,3
23,10,54,20,29,3
23,10,54,21,29,3
23,10,54,22,29,3
23,10,54,30,29,3
23,10,54,31,29,3
23,10,54,32,29,3
23,10,54,33,29,3
22,10,59,25,29,3
22,10,59,26,29,3
22,10,59,27,29,3
22,10,59,28,29,3
22,10,59,34,29,3
22,10,59,35,29,3
22,10,59,36,29,3
22,10,59,37,29,3
22,10,59,38,29,3
23,11,4,29,29,3
23,11,4,30,29,3
23,11,4,31,29,3
23,11,4,32,29,3
23,11,4,33,29,3
23,11,4,40,29,3
23,11,4,41,29,3
23,11,4,42,29,3
23,11,4,43,29,3
23,11,4,44,29,3
24,11,9,39,29,3
24,11,9,47,29,3
24,11,9,48,29,3
24,11,9,49,29,3
24,11,9,50,29,3
24,11,14,41,29,3
24,11,14,43,29,3
24,11,14,44,29,3
24,11,14,45,29,3
24,11,14,51,29,3
24,11,14,52,29,3
24,11,14,53,29,3
24,11,14,54,29,3
24,11,14,55,29,3
24,11,19,46,29,3
24,11,19,47,29,3
24,11,19,48,29,3
24,11,19,49,29,3
24,11,19,50,29,3
24,11,19,58,29,3
24,11,19,59,29,3
24,11,20,0,29,3
24,11,20,1,29,3
24,11,24,53,29,3
24,11,24,54,29,3
24,11,24,55,29,3
24,11,24,56,29,3
24,11,25,3,29,3
24,11,25,4,29,3
24,11,25,5,29,3
24,11,25,6,29,3
25,11,29,58,29,3
25,11,29,59,29,3
25,11,30,0,29,3
25,11,30,1,29,3
25,11,30,8,29,3
25,11,30,9,29,3
25,11,30,10,29,3
25,11,30,11,29,3
25,11,30,12,29,3
24,11,35,3,29,3
24,11,35,4,29,3
24,11,35,5,29,3
24,11,35,6,29,3
24,11,35,7,29,3
24,11,35,15,29,3
24,11,35,16,29,3
24,11,35,17,29,3
24,11,35,18,29,3
24,11,40,10,29,3
24,11,40,11,29,3
24,11,40,12,29,3
24,11,40,13,29,3
24,11,40,19,29,3
24,11,40,20,29,3
24,11,40,21,29,3
24,11,40,22,29,3
24,11,40,23,29,3
23,11,45,14,29,3
23,11,45,15,29,3
23,11,45,16,29,3
23,11,45,17,29,3
23,11,45,18,29,3
23,11,45,26,29,3
23,11,45,27,29,3
23,11,45,28,29,3
23,11,45,29,29,3
22,11,50,21,29,3
22,11,50,22,29,3
22,11,50,23,29,3
22,11,50,30,29,3
22,11,50,31,29,3
22,11,50,32,29,3
22,11,50,33,29,3
22,11,50,34,29,3
23,11,55,26,29,3
23,11,55,27,29,3
23,11,55,28,29,3
23,11,55,29,29,3
23,11,55,38,29,3
23,11,55,39,29,3
23,11,55,40,29,3
24,12,0,31,29,3
24,12,0,32,29,3
24,12,0,33,29,3
24,12,0,34,29,3
24,12,0,35,29,3
24,12,0,43,29,3
24,12,0,44,29,3
24,12,0,45,29,3
24,12,0,46,29,3
24,12,5,38,29,3
24,12,5,39,29,3
24,12,5,40,29,3
24,12,5,41,29,3
24,12,5,47,29,3
24,12,5,48,29,3
24,12,5,49,29,3
24,12,5,50,29,3
24,12,5,51,29,3
24,12,10,42,29,3
24,12,10,43,29,3
24,12,10,44,29,3
24,12,10,45,29,3
24,12,10,46,29,3
24,12,10,54,29,3
24,12,10,55,29,3
24,12,10,56,29,3
24,12,10,57,29,3
24,12,15,49,29,3
24,12,15,50,29,3
24,12,15,51,29,3
24,12,15,52,29,3
24,12,15,58,29,3
24,12,15,59,29,3
24,12,16,0,29,3
24,12,16,1,29,3
24,12,16,2,29,3
24,12,20,53,29,3
24,12,20,54,29,3
24,12,20,55,29,3
24,12,20,56,29,3
24,12,20,57,29,3
24,12,21,4,29,3
24,12,21,5,29,3
24,12,21,6,29,3
24,12,21,7,29,3
24,12,21,8,29,3
24,12,25,59,29,3
24,12,26,0,29,3
24,12,26,1,29,3
24,12,26,2,29,3
24,12,26,3,29,3
24,12,26,11,29,3
24,12,26,12,29,3
24,12,26,13,29,3
24,12,26,14,29,3
24,12,31,6,29,3
24,12,31,7,29,3
24,12,31,8,29,3
24,12,31,9,29,3
24,12,31,15,29,3
24,12,31,16,29,3
24,12,31,17,29,3
24,12,31,18,29,3
24,12,31,19,29,3
24,12,36,10,29,3
24,12,36,11,29,3
24,12,36,12,29,3
24,12,36,13,29,3
24,12,36,14,29,3
24,12,36,22,29,3
24,12,36,23,29,3
24,12,36,24,29,3
24,12,36,25,29,3
26,12,41,16,29,3
26,12,41,17,29,3
26,12,41,18,29,3
26,12,41,19,29,3
26,12,41,20,29,3
26,12,41,28,29,3
26,12,41,29,29,3
26,12,41,30,29,3
26,12,41,31,29,3
24,12,46,23,29,3
24,12,46,24,29,3
24,12,46,25,29,3
24,12,46,26,29,3
24,12,46,32,29,3
24,12,46,33,29,3
24,12,46,34,29,3
24,12,46,35,29,3
24,12,46,36,29,3
24,12,51,27,29,3
24,12,51,28,29,3
24,12,51,29,29,3
24,12,51,30,29,3
24,12,51,31,29,3
24,12,51,39,29,3
24,12,51,40,29,3
24,12,51,41,29,3
24,12,51,42,29,3
24,12,56,34,29,3
24,12,56,35,29,3
24,12,56,36,29,3
24,12,56,37,29,3
24,12,56,43,29,3
24,12,56,44,29,3
24,12,56,45,29,3
24,12,56,46,29,3
24,12,56,47,29,3
24,13,1,40,29,3
24,13,1,41,29,3
24,13,1,42,29,3
24,13,1,43,29,3
24,13,1,50,29,3
24,13,1,51,29,3
24,13,1,52,29,3
24,13,1,53,29,3
24,13,6,44,29,3
24,13,6,45,29,3
24,13,6,46,29,3
24,13,6,47,29,3
24,13,6,48,29,3
24,13,6,55,29,3
24,13,6,56,29,3
24,13,6,57,29,3
24,13,6,58,29,3
24,13,6,59,29,3
24,13,11,51,29,3
24,13,11,52,29,3
24,13,11,53,29,3
24,13,11,54,29,3
24,13,12,0,29,3
24,13,12,1,29,3
24,13,12,2,29,3
24,13,12,3,29,3
24,13,12,4,29,3
24,13,16,55,29,3
24,13,16,56,29,3
24,13,16,57,29,3
24,13,16,58,29,3
24,13,16,59,29,3
24,13,17,7,29,3
24,13,17,8,29,3
24,13,17,9,29,3
24,13,17,10,29,3
25,13,22,2,29,3
25,13,22,3,29,3
25,13,22,4,29,3
25,13,22,5,29,3
25,13,22,11,29,3
25,13,22,12,29,3
25,13,22,13,29,3
25,13,22,14,29,3
25,13,22,15,29,3
23,13,27,8,29,3
23,13,27,9,29,3
23,13,27,10,29,3
23,13,27,11,29,3
23,13,27,18,29,3
23,13,27,19,29,3
23,13,27,20,29,3
23,13,27,21,29,3
22,13,32,12,29,3
22,13,32,13,29,3
22,13,32,14,29,3
22,13,32,15,29,3
22,13,32,16,29,3
22,13,32,23,29,3
22,13,32,24,29,3
22,13,32,25,29,3
22,13,32,26,29,3
22,13,32,27,29,3
22,13,37,19,29,3
22,13,37,20,29,3
22,13,37,21,29,3
22,13,37,22,29,3
22,13,37,28,29,3
22,13,37,29,29,3
22,13,37,30,29,3
22,13,37,31,29,3
22,13,37,32,29,3
23,13,42,24,29,3
23,13,42,25,29,3
23,13,42,26,29,3
23,13,42,27,29,3
23,13,42,28,29,3
23,13,42,35,29,3
23,13,42,36,29,3
23,13,42,37,29,3
23,13,42,38,29,3
23,13,47,29,29,3
23,13,47,30,29,3
23,13,47,31,29,3
23,13,47,32,29,3
23,13,47,33,29,3
23,13,47,40,29,3
23,13,47,41,29,3
23,13,47,42,29,3
23,13,47,43,29,3
23,13,47,44,29,3
24,13,52,36,29,3
24,13,52,37,29,3
24,13,52,38,29,3
24,13,52,39,29,3
24,13,52,46,29,3
24,13,52,47,29,3
24,13,57,40,29,3
24,13,57,41,29,3
24,13,57,42,29,3
24,13,57,43,29,3
24,13,57,44,29,3
24,13,57,52,29,3
24,13,57,53,29,3
24,13,57,54,29,3
24,13,57,55,29,3
24,14,2,47,29,3
24,14,2,48,29,3
24,14,2,49,29,3
24,14,2,50,29,3
24,14,2,56,29,3
24,14,2,57,29,3
24,14,2,58,29,3
24,14,2,59,29,3
24,14,3,0,29,3
23,14,7,51,29,3
23,14,7,52,29,3
23,14,7,53,29,3
23,14,7,54,29,3
23,14,7,55,29,3
23,14,8,3,29,3
23,14,8,4,29,3
23,14,8,5,29,3
23,14,8,6,29,3
24,14,12,58,29,3
24,14,12,59,29,3
24,14,13,0,29,3
24,14,13,1,29,3
24,14,13,8,29,3
24,14,13,9,29,3
24,14,13,10,29,3
24,14,13,11,29,3
24,14,13,12,29,3
22,14,18,3,29,3
22,14,18,4,29,3
22,14,18,5,29,3
22,14,18,6,29,3
22,14,18,7,29,3
22,14,18,14,29,3
22,14,18,15,29,3
22,14,18,16,29,3
22,14,18,17,29,3
21,14,23,8,29,3
21,14,23,9,29,3
21,14,23,10,29,3
21,14,23,11,29,3
21,14,23,12,29,3
21,14,23,20,29,3
21,14,23,21,29,3
21,14,23,22,29,3
21,14,23,23,29,3
22,14,28,15,29,3
22,14,28,16,29,3
22,14,28,17,29,3
22,14,28,18,29,3
22,14,28,24,29,3
22,14,28,25,29,3
22,14,28,26,29,3
22,14,28,27,29,3
22,14,28,28,29,3
22,14,33,19,29,3
22,14,33,20,29,3
22,14,33,21,29,3
22,14,33,22,29,3
22,14,33,23,29,3
22,14,33,31,29,3
22,14,33,32,29,3
22,14,33,33,29,3
22,14,33,34,29,3
21,14,38,26,29,3
21,14,38,27,29,3
21,14,38,28,29,3
21,14,38,29,29,3
21,14,38,36,29,3
21,14,38,37,29,3
21,14,38,38,29,3
21,14,38,39,29,3
21,14,38,40,29,3
21,14,43,30,29,3
21,14,43,32,29,3
21,14,43,33,29,3
21,14,43,34,29,3
21,14,43,35,29,3
21,14,43,42,29,3
21,14,43,43,29,3
21,14,43,44,29,3
21,14,43,45,29,3
20,14,48,37,29,3
20,14,48,38,29,3
20,14,48,39,29,3
20,14,48,40,29,3
20,14,48,47,29,3
20,14,48,48,29,3
20,14,48,49,29,3
21,14,48,50,29,3
20,14,48,51,29,3
22,14,53,42,29,3
22,14,53,43,29,3
22,14,53,44,29,3
22,14,53,45,29,3
22,14,53,46,29,3
22,14,53,52,29,3
22,14,53,53,29,3
22,14,53,54,29,3
22,14,53,55,29,3
22,14,53,56,29,3
23,14,58,48,29,3
23,14,58,49,29,3
23,14,58,50,29,3
23,14,58,51,29,3
23,14,58,59,29,3
23,14,59,0,29,3
23,14,59,1,29,3
23,14,59,2,29,3
22,15,3,54,29,3
22,15,3,55,29,3
22,15,3,56,29,3
22,15,3,57,29,3
22,15,4,4,29,3
22,15,4,5,29,3
22,15,4,6,29,3
22,15,4,7,29,3
22,15,4,8,29,3
21,15,8,59,29,3
21,15,9,0,29,3
21,15,9,1,29,3
21,15,9,2,29,3
21,15,9,3,29,3
21,15,9,13,29,3
21,15,14,5,29,3
21,15,14,6,29,3
21,15,14,7,29,3
21,15,14,8,29,3
21,15,14,16,29,3
21,15,14,17,29,3
21,15,14,18,29,3
21,15,14,19,29,3
22,15,19,10,29,3
22,15,19,11,29,3
22,15,19,12,29,3
22,15,19,13,29,3
22,15,19,14,29,3
21,15,19,21,29,3
21,15,19,22,29,3
21,15,19,23,29,3
21,15,19,24,29,3
21,15,19,25,29,3
21,15,24,27,29,3
21,15,24,28,29,3
21,15,24,29,29,3
21,15,24,30,29,3
23,15,29,22,29,3
23,15,29,23,29,3
23,15,29,24,29,3
23,15,29,25,29,3
23,15,29,33,29,3
23,15,29,34,29,3
23,15,29,35,29,3
23,15,29,36,29,3
23,15,34,27,29,3
23,15,34,28,29,3
23,15,34,29,29,3
23,15,34,30,29,3
22,15,34,31,29,3
22,15,34,38,29,3
22,15,34,39,29,3
22,15,34,40,29,3
22,15,34,41,29,3
22,15,34,42,29,3
22,15,39,33,29,3
22,15,39,34,29,3
23,15,39,35,29,3
23,15,39,36,29,3
23,15,39,44,29,3
23,15,39,45,29,3
22,15,39,46,29,3
23,15,39,47,29,3
22,15,44,39,29,3
22,15,44,40,29,3
22,15,44,41,29,3
22,15,44,42,29,3
22,15,44,49,29,3
22,15,44,50,29,3
22,15,44,51,29,3
22,15,44,52,29,3
22,15,44,53,29,3
23,15,49,44,29,3
23,15,49,45,29,3
23,15,49,46,29,3
23,15,49,47,29,3
23,15,49,48,29,3
23,15,49,55,29,3
23,15,49,56,29,3
23,15,49,57,29,3
23,15,49,58,29,3
22,15,54,50,29,3
22,15,54,51,29,3
22,15,54,52,29,3
22,15,54,53,29,3
22,15,55,0,29,3
22,15,55,1,29,3
22,15,55,2,29,3
22,15,55,3,29,3
22,15,55,4,29,3
21,15,59,55,29,3
21,15,59,56,29,3
21,15,59,57,29,3
21,15,59,58,29,3
21,15,59,59,29,3
22,16,0,6,29,3
22,16,0,7,29,3
22,16,0,8,29,3
22,16,0,9,29,3
23,16,5,1,29,3
23,16,5,2,29,3
23,16,5,3,29,3
23,16,5,4,29,3
23,16,5,12,29,3
23,16,5,13,29,3
23,16,5,14,29,3
23,16,5,15,29,3
23,16,10,6,29,3
23,16,10,7,29,3
23,16,10,8,29,3
23,16,10,9,29,3
23,16,10,10,29,3
23,16,10,17,29,3
23,16,10,18,29,3
23,16,10,19,29,3
23,16,10,20,29,3
23,16,10,21,29,3
23,16,15,12,29,3
23,16,15,13,29,3
23,16,15,14,29,3
23,16,15,15,29,3
23,16,15,16,29,3
23,16,15,23,29,3
23,16,15,24,29,3
23,16,15,25,29,3
23,16,15,26,29,3
24,16,20,18,29,3
24,16,20,19,29,3
24,16,20,20,29,3
24,16,20,21,29,3
24,16,20,28,29,3
24,16,20,29,29,3
24,16,20,30,29,3
24,16,20,31,29,3
24,16,20,32,29,3
24,16,25,23,29,3
24,16,25,24,29,3
24,16,25,25,29,3
24,16,25,26,29,3
24,16,25,27,29,3
24,16,25,34,29,3
24,16,25,35,29,3
24,16,25,36,29,3
24,16,25,37,29,3
24,16,30,29,29,3
24,16,30,30,29,3
24,16,30,31,29,3
24,16,30,32,29,3
24,16,30,39,29,3
24,16,30,40,29,3
24,16,30,41,29,3
24,16,30,42,29,3
24,16,30,43,29,3
24,16,35,34,29,3
24,16,35,35,29,3
24,16,35,36,29,3
24,16,35,37,29,3
24,16,35,38,29,3
24,16,35,45,29,3
24,16,35,46,29,3
24,16,35,47,29,3
24,16,35,48,29,3
25,16,40,40,29,3
24,16,40,41,29,3
24,16,40,42,29,3
24,16,40,43,29,3
24,16,40,51,29,3
24,16,40,52,29,3
24,16,40,53,29,3
24,16,40,54,29,3
24,16,45,46,29,3
24,16,45,47,29,3
24,16,45,48,29,3
24,16,45,49,29,3
24,16,45,56,29,3
24,16,45,57,29,3
24,16,45,58,29,3
24,16,45,59,29,3
24,16,46,0,29,3
24,16,50,51,29,3
24,16,50,52,29,3
24,16,50,53,29,3
24,16,50,54,29,3
24,16,50,55,29,3
24,16,51,2,29,3
24,16,51,3,29,3
24,16,51,4,29,3
24,16,51,5,29,3
24,16,55,57,29,3
24,16,55,58,29,3
24,16,55,59,29,3
24,16,56,0,29,3
24,16,56,7,29,3
24,16,56,8,29,3
24,16,56,9,29,3
24,16,56,10,29,3
24,16,56,11,29,3
24,17,1,2,29,3
24,17,1,3,29,3
24,17,1,4,29,3
24,17,1,5,29,3
24,17,1,6,29,3
24,17,1,13,29,3
24,17,1,14,29,3
24,17,1,16,29,3
24,17,1,17,29,3
25,17,6,9,29,3
25,17,6,10,29,3
25,17,6,19,29,3
25,17,6,20,29,3
25,17,6,21,29,3
25,17,6,22,29,3
25,17,11,14,29,3
25,17,11,15,29,3
25,17,11,16,29,3
25,17,11,17,29,3
25,17,11,24,29,3
25,17,11,25,29,3
25,17,11,26,29,3
25,17,11,27,29,3
25,17,11,28,29,3
25,17,16,19,29,3
25,17,16,20,29,3
25,17,16,21,29,3
25,17,16,22,29,3
25,17,16,23,29,3
25,17,16,30,29,3
25,17,16,31,29,3
25,17,16,32,29,3
25,17,16,33,29,3
25,17,21,25,29,3
25,17,21,26,29,3
25,17,21,27,29,3
25,17,21,28,29,3
25,17,21,35,29,3
25,17,21,36,29,3
25,17,21,37,29,3
25,17,21,38,29,3
25,17,21,39,29,3
25,17,26,30,29,3
25,17,26,31,29,3
25,17,26,32,29,3
25,17,26,33,29,3
25,17,26,34,29,3
25,17,26,41,29,3
25,17,26,42,29,3
25,17,26,43,29,3
25,17,26,44,29,3
25,17,26,45,29,3
25,17,31,37,29,3
25,17,31,38,29,3
25,17,31,39,29,3
25,17,31,40,29,3
25,17,31,47,29,3
25,17,31,48,29,3
25,17,31,49,29,3
25,17,31,50,29,3
26,17,36,42,29,3
26,17,36,43,29,3
26,17,36,44,29,3
26,17,36,45,29,3
26,17,36,52,29,3
26,17,36,53,29,3
26,17,36,54,29,3
26,17,36,55,29,3
26,17,36,56,29,3
25,17,41,47,29,3
25,17,41,48,29,3
25,17,41,49,29,3
25,17,41,50,29,3
25,17,41,51,29,3
25,17,41,58,29,3
25,17,41,59,29,3
25,17,42,0,29,3
25,17,42,1,29,3
24,17,46,54,29,3
24,17,46,55,29,3
24,17,46,56,29,3
24,17,46,57,29,3
24,17,47,3,29,3
24,17,47,4,29,3
24,17,47,5,29,3
24,17,47,6,29,3
24,17,47,7,29,3
24,17,51,58,29,3
24,17,51,59,29,3
24,17,52,0,29,3
24,17,52,1,29,3
24,17,52,2,29,3
24,17,52,9,29,3
24,17,52,10,29,3
24,17,52,11,29,3
24,17,52,12,29,3
24,17,52,13,29,3
24,17,57,4,29,3
24,17,57,5,29,3
24,17,57,6,29,3
24,17,57,7,29,3
24,17,57,8,29,3
24,17,57,15,29,3
24,17,57,16,29,3
24,17,57,17,29,3
24,17,57,18,29,3
23,18,2,10,29,3
23,18,2,11,29,3
23,18,2,12,29,3
23,18,2,13,29,3
23,18,2,20,29,3
23,18,2,21,29,3
23,18,2,22,29,3
23,18,2,23,29,3
23,18,2,24,29,3
22,18,7,15,29,3
22,18,7,16,29,3
22,18,7,17,29,3
22,18,7,18,29,3
22,18,7,19,29,3
22,18,7,27,29,3
22,18,7,28,29,3
22,18,7,29,29,3
22,18,7,30,29,3
22,18,12,22,29,3
22,18,12,23,29,3
22,18,12,24,29,3
22,18,12,25,29,3
22,18,12,32,29,3
22,18,12,33,29,3
22,18,12,34,29,3
22,18,12,35,29,3
23,18,17,26,29,3
23,18,17,27,29,3
23,18,17,28,29,3
23,18,17,29,29,3
23,18,17,30,29,3
23,18,17,37,29,3
23,18,17,38,29,3
23,18,17,39,29,3
23,18,17,40,29,3
23,18,17,41,29,3
23,18,22,32,29,3
23,18,22,33,29,3
23,18,22,34,29,3
23,18,22,35,29,3
23,18,22,36,29,3
23,18,22,44,29,3
23,18,22,45,29,3
23,18,22,46,29,3
23,18,22,47,29,3
23,18,27,38,29,3
23,18,27,39,29,3
23,18,27,40,29,3
23,18,27,41,29,3
23,18,27,48,29,3
23,18,27,49,29,3
23,18,27,50,29,3
23,18,27,51,29,3
23,18,27,52,29,3
22,18,32,43,29,3
22,18,32,44,29,3
22,18,32,45,29,3
22,18,32,46,29,3
22,18,32,47,29,3
22,18,32,54,29,3
22,18,32,55,29,3
22,18,32,56,29,3
22,18,32,57,29,3
22,18,32,58,29,3
22,18,37,50,29,3
22,18,37,51,29,3
22,18,37,52,29,3
22,18,37,53,29,3
22,18,38,0,29,3
22,18,38,1,29,3
22,18,38,2,29,3
22,18,38,3,29,3
23,18,42,55,29,3
23,18,42,56,29,3
23,18,42,57,29,3
23,18,42,58,29,3
23,18,43,5,29,3
23,18,43,6,29,3
23,18,43,7,29,3
23,18,43,8,29,3
23,18,43,9,29,3
23,18,48,0,29,3
23,18,48,1,29,3
23,18,48,2,29,3
23,18,48,3,29,3
23,18,48,4,29,3
23,18,48,12,29,3
23,18,48,13,29,3
23,18,48,14,29,3
23,18,48,15,29,3
23,18,53,7,29,3
23,18,53,8,29,3
23,18,53,9,29,3
23,18,53,10,29,3
23,18,53,17,29,3
23,18,53,18,29,3
23,18,53,19,29,3
23,18,53,20,29,3
23,18,58,11,29,3
23,18,58,12,29,3
23,18,58,13,29,3
23,18,58,14,29,3
23,18,58,15,29,3
23,18,58,22,29,3
23,18,58,23,29,3
23,18,58,24,29,3
23,18,58,25,29,3
23,18,58,26,29,3
23,19,3,18,29,3
23,19,3,19,29,3
23,19,3,20,29,3
23,19,3,21,29,3
23,19,3,29,29,3
23,19,3,30,29,3
23,19,3,31,29,3
23,19,3,32,29,3
24,19,8,23,29,3
24,19,8,24,29,3
24,19,8,25,29,3
24,19,8,26,29,3
24,19,8,33,29,3
24,19,8,34,29,3
24,19,8,35,29,3
24,19,8,36,29,3
24,19,8,37,29,3
24,19,13,28,29,3
24,19,13,29,29,3
24,19,13,30,29,3
24,19,13,31,29,3
24,19,13,32,29,3
24,19,13,40,29,3
24,19,13,41,29,3
24,19,13,42,29,3
24,19,13,43,29,3
25,19,18,35,29,3
25,19,18,36,29,3
25,19,18,37,29,3
25,19,18,38,29,3
25,19,18,45,29,3
25,19,18,46,29,3
25,19,18,47,29,3
25,19,18,48,29,3
25,19,23,39,29,3
25,19,23,40,29,3
25,19,23,41,29,3
25,19,23,42,29,3
25,19,23,43,29,3
25,19,23,50,29,3
25,19,23,51,29,3
25,19,23,52,29,3
25,19,23,53,29,3
25,19,23,54,29,3
24,19,28,46,29,3
24,19,28,47,29,3
24,19,28,48,29,3
24,19,28,49,29,3
24,19,28,57,29,3
24,19,28,58,29,3
24,19,28,59,29,3
24,19,29,0,29,3
24,19,33,50,29,3
24,19,33,51,29,3
24,19,33,52,29,3
24,19,33,53,29,3
24,19,33,54,29,3
24,19,34,1,29,3
24,19,34,2,29,3
24,19,34,3,29,3
24,19,34,4,29,3
24,19,34,5,29,3
24,19,38,57,29,3
24,19,38,58,29,3
24,19,38,59,29,3
24,19,39,0,29,3
24,19,39,8,29,3
24,19,39,9,29,3
24,19,39,10,29,3
24,19,39,11,29,3
25,19,44,2,29,3
25,19,44,3,29,3
25,19,44,4,29,3
25,19,44,5,29,3
25,19,44,13,29,3
25,19,44,14,29,3
25,19,44,15,29,3
25,19,44,16,29,3
25,19,49,7,29,3
25,19,49,8,29,3
25,19,49,9,29,3
25,19,49,10,29,3
25,19,49,11,29,3
25,19,49,18,29,3
25,19,49,19,29,3
25,19,49,20,29,3
25,19,49,21,29,3
25,19,49,22,29,3
25,19,54,14,29,3
25,19,54,15,29,3
25,19,54,16,29,3
25,19,54,17,29,3
25,19,54,25,29,3
25,19,54,26,29,3
25,19,54,27,29,3
25,19,54,28,29,3
25,19,59,18,29,3
25,19,59,19,29,3
25,19,59,20,29,3
25,19,59,21,29,3
25,19,59,22,29,3
25,19,59,29,29,3
25,19,59,30,29,3
25,19,59,31,29,3
25,19,59,32,29,3
25,19,59,33,29,3
25,20,4,25,29,3
25,20,4,26,29,3
25,20,4,27,29,3
25,20,4,28,29,3
25,20,4,36,29,3
25,20,4,37,29,3
25,20,4,38,29,3
25,20,4,39,29,3
25,20,9,31,29,3
25,20,9,32,29,3
25,20,9,33,29,3
25,20,9,34,29,3
25,20,9,40,29,3
25,20,9,41,29,3
25,20,9,42,29,3
25,20,9,43,29,3
25,20,9,44,29,3
25,20,14,35,29,3
25,20,14,36,29,3
25,20,14,37,29,3
25,20,14,38,29,3
25,20,14,39,29,3
25,20,14,46,29,3
25,20,14,47,29,3
25,20,14,48,29,3
25,20,14,49,29,3
25,20,14,50,29,3
25,20,19,42,29,3
25,20,19,43,29,3
25,20,19,44,29,3
25,20,19,45,29,3
25,20,19,53,29,3
25,20,19,54,29,3
25,20,19,55,29,3
25,20,19,56,29,3
25,20,24,46,29,3
25,20,24,47,29,3
25,20,24,48,29,3
25,20,24,49,29,3
25,20,24,50,29,3
25,20,24,59,29,3
25,20,25,0,29,3
25,20,25,1,29,3
25,20,25,2,29,3
25,20,29,52,29,3
25,20,29,53,29,3
25,20,29,54,29,3
25,20,29,55,29,3
25,20,29,56,29,3
25,20,30,3,29,3
25,20,30,4,29,3
25,20,30,5,29,3
25,20,30,6,29,3
25,20,30,7,29,3
25,20,34,59,29,3
25,20,35,0,29,3
25,20,35,1,29,3
25,20,35,2,29,3
25,20,35,10,29,3
25,20,35,11,29,3
25,20,35,12,29,3
25,20,35,13,29,3
25,20,40,3,29,3
25,20,40,4,29,3
25,20,40,5,29,3
25,20,40,6,29,3
25,20,40,7,29,3
25,20,40,14,29,3
25,20,40,15,29,3
25,20,40,16,29,3
25,20,40,17,29,3
25,20,40,18,29,3
25,20,45,10,29,3
25,20,45,11,29,3
25,20,45,12,29,3
25,20,45,13,29,3
25,20,45,21,29,3
25,20,45,22,29,3
25,20,45,23,29,3
25,20,45,24,29,3
25,20,50,14,29,3
25,20,50,15,29,3
25,20,50,16,29,3
25,20,50,17,29,3
25,20,50,18,29,3
25,20,50,27,29,3
25,20,50,28,29,3
25,20,50,29,29,3
25,20,50,30,29,3
26,20,55,20,29,3
26,20,55,21,29,3
26,20,55,22,29,3
26,20,55,23,29,3
26,20,55,24,29,3
26,20,55,31,29,3
26,20,55,32,29,3
26,20,55,33,29,3
26,20,55,34,29,3
26,20,55,35,29,3
25,21,0,27,29,3
25,21,0,28,29,3
25,21,0,29,29,3
25,21,0,30,29,3
25,21,0,38,29,3
25,21,0,39,29,3
25,21,0,40,29,3
25,21,0,41,29,3
25,21,5,31,29,3
25,21,5,32,29,3
25,21,5,33,29,3
25,21,5,34,29,3
25,21,5,35,29,3
25,21,5,42,29,3
25,21,5,43,29,3
25,21,5,44,29,3
25,21,5,46,29,3
25,21,5,47,29,3
24,21,10,38,29,3
24,21,10,39,29,3
24,21,10,40,29,3
24,21,10,41,29,3
24,21,10,50,29,3
24,21,10,51,29,3
24,21,10,52,29,3
24,21,15,44,29,3
24,21,15,45,29,3
24,21,15,46,29,3
24,21,15,47,29,3
24,21,15,55,29,3
24,21,15,56,29,3
24,21,15,57,29,3
24,21,15,58,29,3
24,21,20,48,29,3
24,21,20,49,29,3
24,21,20,50,29,3
24,21,20,51,29,3
24,21,20,52,29,3
24,21,20,59,29,3
24,21,21,0,29,3
24,21,21,1,29,3
24,21,21,2,29,3
24,21,21,3,29,3
24,21,25,55,29,3
24,21,25,56,29,3
24,21,25,57,29,3
24,21,25,58,29,3
24,21,26,6,29,3
24,21,26,7,29,3
24,21,26,8,29,3
24,21,26,9,29,3
24,21,30,59,29,3
24,21,31,0,29,3
24,21,31,1,29,3
24,21,31,2,29,3
24,21,31,3,29,3
24,21,31,12,29,3
24,21,31,13,29,3
24,21,31,14,29,3
24,21,31,15,29,3
24,21,36,6,29,3
24,21,36,7,29,3
24,21,36,8,29,3
24,21,36,9,29,3
24,21,36,16,29,3
24,21,36,17,29,3
24,21,36,18,29,3
24,21,36,19,29,3
24,21,36,20,29,3
23,21,41,12,29,3
23,21,41,13,29,3
23,21,41,14,29,3
23,21,41,15,29,3
23,21,41,23,29,3
23,21,41,24,29,3
23,21,41,25,29,3
23,21,41,26,29,3
23,21,46,16,29,3
23,21,46,17,29,3
23,21,46,18,29,3
23,21,46,19,29,3
23,21,46,20,29,3
23,21,46,28,29,3
23,21,46,29,29,3
23,21,46,30,29,3
23,21,46,31,29,3
23,21,46,32,29,3
22,21,51,23,29,3
22,21,51,24,29,3
22,21,51,25,29,3
22,21,51,26,29,3
22,21,51,33,29,3
22,21,51,34,29,3
22,21,51,35,29,3
22,21,51,36,29,3
22,21,51,37,29,3
23,21,56,28,29,3
23,21,56,29,29,3
23,21,56,30,29,3
23,21,56,31,29,3
23,21,56,32,29,3
23,21,56,40,29,3
23,21,56,41,29,3
23,21,56,42,29,3
23,21,56,43,29,3
23,22,1,34,29,3
23,22,1,35,29,3
23,22,1,36,29,3
23,22,1,37,29,3
23,22,1,45,29,3
23,22,1,46,29,3
23,22,1,47,29,3
23,22,1,48,29,3
23,22,1,49,29,3
23,22,6,40,29,3
23,22,6,41,29,3
23,22,6,42,29,3
23,22,6,43,29,3
24,22,11,44,29,3
24,22,11,45,29,3
24,22,11,46,29,3
24,22,11,47,29,3
24,22,11,48,29,3
24,22,11,57,29,3
24,22,11,58,29,3
24,22,11,59,29,3
24,22,12,0,29,3
23,22,16,51,29,3
23,22,16,52,29,3
23,22,16,53,29,3
23,22,16,54,29,3
23,22,17,1,29,3
23,22,17,2,29,3
23,22,17,3,29,3
23,22,17,4,29,3
23,22,17,5,29,3
23,22,21,56,29,3
23,22,21,57,29,3
23,22,21,58,29,3
23,22,21,59,29,3
23,22,22,0,29,3
23,22,22,8,29,3
23,22,22,9,29,3
23,22,22,10,29,3
23,22,22,11,29,3
22,22,27,1,29,3
22,22,27,2,29,3
22,22,27,3,29,3
22,22,27,4,29,3
22,22,27,5,29,3
22,22,27,13,29,3
22,22,27,14,29,3
22,22,27,15,29,3
22,22,27,16,29,3
22,22,27,17,29,3
23,22,32,8,29,3
23,22,32,9,29,3
23,22,32,10,29,3
23,22,32,11,29,3
23,22,32,18,29,3
23,22,32,19,29,3
23,22,32,20,29,3
23,22,32,21,29,3
23,22,32,22,29,3
23,22,37,13,29,3
23,22,37,14,29,3
23,22,37,15,29,3
23,22,37,16,29,3
23,22,37,17,29,3
23,22,37,25,29,3
23,22,37,26,29,3
23,22,37,27,29,3
23,22,37,28,29,3
22,22,42,19,29,3
22,22,42,20,29,3
22,22,42,21,29,3
22,22,42,22,29,3
22,22,42,30,29,3
22,22,42,31,29,3
22,22,42,32,29,3
22,22,42,33,29,3
22,22,42,34,29,3
22,22,47,25,29,3
22,22,47,26,29,3
22,22,47,27,29,3
22,22,47,28,29,3
22,22,47,36,29,3
22,22,47,37,29,3
22,22,47,38,29,3
22,22,47,39,29,3
23,22,52,29,29,3
23,22,52,30,29,3
23,22,52,31,29,3
23,22,52,32,29,3
23,22,52,33,29,3
23,22,52,41,29,3
23,22,52,42,29,3
23,22,52,43,29,3
23,22,52,44,29,3
23,22,52,45,29,3
25,22,57,36,29,3
25,22,57,37,29,3
25,22,57,38,29,3
25,22,57,39,29,3
25,22,57,46,29,3
25,22,57,47,29,3
25,22,57,48,29,3
25,22,57,49,29,3
25,22,57,50,29,3
25,23,2,41,29,3
25,23,2,42,29,3
25,23,2,43,29,3
25,23,2,44,29,3
25,23,2,45,29,3
25,23,2,53,29,3
25,23,2,54,29,3
25,23,2,55,29,3
25,23,2,56,29,3
24,23,7,47,29,3
24,23,7,48,29,3
24,23,7,49,29,3
24,23,7,50,29,3
23,23,7,58,29,3
23,23,7,59,29,3
23,23,8,0,29,3
23,23,8,1,29,3
23,23,8,2,29,3
23,23,12,52,29,3
23,23,12,53,29,3
23,23,12,54,29,3
23,23,12,55,29,3
23,23,12,56,29,3
23,23,13,4,29,3
23,23,13,5,29,3
23,23,13,6,29,3
23,23,13,7,29,3
22,23,17,57,29,3
22,23,17,58,29,3
22,23,17,59,29,3
22,23,18,0,29,3
22,23,18,1,29,3
23,23,18,10,29,3
23,23,18,11,29,3
23,23,18,12,29,3
23,23,18,13,29,3
24,23,23,4,29,3
24,23,23,5,29,3
24,23,23,6,29,3
24,23,23,7,29,3
24,23,23,15,29,3
24,23,23,16,29,3
24,23,23,17,29,3
24,23,23,18,29,3
24,23,23,19,29,3
25,23,28,8,29,3
25,23,28,9,29,3
25,23,28,10,29,3
25,23,28,11,29,3
25,23,28,12,29,3
25,23,28,21,29,3
25,23,28,22,29,3
25,23,28,23,29,3
25,23,28,24,29,3
24,23,33,15,29,3
24,23,33,16,29,3
24,23,33,17,29,3
24,23,33,18,29,3
24,23,33,26,29,3
24,23,33,27,29,3
24,23,33,28,29,3
24,23,33,29,29,3
24,23,33,30,29,3
24,23,38,20,29,3
24,23,38,21,29,3
24,23,38,22,29,3
24,23,38,23,29,3
24,23,38,24,29,3
24,23,38,31,29,3
24,23,38,32,29,3
24,23,38,33,29,3
24,23,38,34,29,3
24,23,38,35,29,3
23,23,43,26,29,3
23,23,43,27,29,3
23,23,43,28,29,3
23,23,43,29,29,3
23,23,43,38,29,3
23,23,43,39,29,3
23,23,43,40,29,3
23,23,43,41,29,3
25,23,48,32,29,3
25,23,48,33,29,3
25,23,48,34,29,3
25,23,48,35,29,3
25,23,48,43,29,3
25,23,48,44,29,3
25,23,48,45,29,3
25,23,48,46,29,3
25,23,48,47,29,3
24,23,53,37,29,3
24,23,53,38,29,3
24,23,53,39,29,3
24,23,53,40,29,3
24,23,53,41,29,3
24,23,53,49,29,3
24,23,53,50,29,3
24,23,53,51,29,3
24,23,53,52,29,3
24,23,58,43,29,3
24,23,58,44,29,3
24,23,58,45,29,3
24,23,58,46,29,3
24,23,58,54,29,3
24,23,58,55,29,3
24,23,58,56,29,3
24,23,58,57,29,3
24,23,58,58,29,3
25,0,3,48,30,3
25,0,3,49,30,3
25,0,3,50,30,3
25,0,3,51,30,3
25,0,3,52,30,3
25,0,4,0,30,3
25,0,4,1,30,3
25,0,4,2,30,3
25,0,4,3,30,3
24,0,8,54,30,3
24,0,8,55,30,3
24,0,8,56,30,3
24,0,8,57,30,3
24,0,9,6,30,3
24,0,9,7,30,3
24,0,9,8,30,3
24,0,9,9,30,3
23,0,13,59,30,3
23,0,14,0,30,3
23,0,14,1,30,3
23,0,14,2,30,3
22,0,14,3,30,3
23,0,14,11,30,3
23,0,14,12,30,3
23,0,14,13,30,3
23,0,14,14,30,3
23,0,14,15,30,3
22,0,19,8,30,3
22,0,19,17,30,3
22,0,19,18,30,3
22,0,19,19,30,3
22,0,19,20,30,3
23,0,24,11,30,3
23,0,24,12,30,3
23,0,24,13,30,3
23,0,24,14,30,3
22,0,24,22,30,3
22,0,24,23,30,3
22,0,24,24,30,3
23,0,24,25,30,3
23,0,24,26,30,3
23,0,29,16,30,3
23,0,29,17,30,3
23,0,29,18,30,3
23,0,29,19,30,3
23,0,29,20,30,3
23,0,29,28,30,3
23,0,29,29,30,3
23,0,29,30,30,3
23,0,29,31,30,3
23,0,29,32,30,3
25,0,34,22,30,3
25,0,34,23,30,3
25,0,34,24,30,3
25,0,34,25,30,3
25,0,34,34,30,3
25,0,34,35,30,3
25,0,34,36,30,3
25,0,34,37,30,3
25,0,39,28,30,3
25,0,39,29,30,3
25,0,39,30,30,3
25,0,39,31,30,3
25,0,39,39,30,3
25,0,39,40,30,3
25,0,39,41,30,3
25,0,39,42,30,3
25,0,39,43,30,3
25,0,44,33,30,3
25,0,44,34,30,3
25,0,44,35,30,3
25,0,44,36,30,3
25,0,44,37,30,3
25,0,44,45,30,3
25,0,44,46,30,3
25,0,49,39,30,3
25,0,49,40,30,3
24,0,49,41,30,3
24,0,49,42,30,3
24,0,49,51,30,3
24,0,49,52,30,3
24,0,49,53,30,3
24,0,49,54,30,3
23,0,54,44,30,3
23,0,54,45,30,3
23,0,54,46,30,3
23,0,54,47,30,3
23,0,54,48,30,3
23,0,54,56,30,3
23,0,54,57,30,3
23,0,54,58,30,3
23,0,54,59,30,3
23,0,55,0,30,3
23,0,59,50,30,3
23,1,0,2,30,3
23,1,0,3,30,3
23,1,0,4,30,3
23,1,0,5,30,3
24,1,4,56,30,3
24,1,4,57,30,3
24,1,4,58,30,3
24,1,4,59,30,3
24,1,5,7,30,3
24,1,5,8,30,3
24,1,5,9,30,3
24,1,5,10,30,3
24,1,5,11,30,3
23,1,10,1,30,3
23,1,10,2,30,3
23,1,10,3,30,3
23,1,10,4,30,3
23,1,10,5,30,3
23,1,10,13,30,3
23,1,10,14,30,3
23,1,10,15,30,3
23,1,10,16,30,3
25,1,15,7,30,3
25,1,15,8,30,3
25,1,15,9,30,3
25,1,15,10,30,3
25,1,15,18,30,3
25,1,15,19,30,3
25,1,15,20,30,3
25,1,15,21,30,3
25,1,15,22,30,3
25,1,20,13,30,3
25,1,20,14,30,3
25,1,20,15,30,3
25,1,20,16,30,3
25,1,20,28,30,3
25,1,25,18,30,3
25,1,25,19,30,3
25,1,25,20,30,3
25,1,25,21,30,3
25,1,25,22,30,3
25,1,25,30,30,3
25,1,25,31,30,3
25,1,25,32,30,3
25,1,25,33,30,3
25,1,30,24,30,3
25,1,30,25,30,3
25,1,30,26,30,3
25,1,30,27,30,3
25,1,30,35,30,3
25,1,30,36,30,3
25,1,30,37,30,3
25,1,30,38,30,3
25,1,30,39,30,3
26,1,35,29,30,3
26,1,35,30,30,3
26,1,35,31,30,3
26,1,35,32,30,3
26,1,35,33,30,3
26,1,35,41,30,3
26,1,35,42,30,3
26,1,35,43,30,3
26,1,35,44,30,3
26,1,40,35,30,3
26,1,40,36,30,3
26,1,40,37,30,3
26,1,40,38,30,3
26,1,40,39,30,3
26,1,40,46,30,3
26,1,40,47,30,3
26,1,40,48,30,3
26,1,40,49,30,3
26,1,40,50,30,3
27,1,45,41,30,3
27,1,45,42,30,3
27,1,45,43,30,3
27,1,45,44,30,3
27,1,45,52,30,3
26,1,45,53,30,3
26,1,45,54,30,3
26,1,45,55,30,3
26,1,45,56,30,3
24,1,50,46,30,3
24,1,50,47,30,3
24,1,50,48,30,3
24,1,50,49,30,3
24,1,50,50,30,3
24,1,50,58,30,3
24,1,50,59,30,3
24,1,51,0,30,3
24,1,51,1,30,3
24,1,55,52,30,3
24,1,55,53,30,3
24,1,55,54,30,3
24,1,55,55,30,3
24,1,56,3,30,3
24,1,56,4,30,3
24,1,56,5,30,3
24,1,56,6,30,3
24,1,56,7,30,3
23,2,0,57,30,3
23,2,0,58,30,3
23,2,0,59,30,3
23,2,1,0,30,3
23,2,1,1,30,3
23,2,1,9,30,3
23,2,1,10,30,3
23,2,1,11,30,3
23,2,1,12,30,3
24,2,6,3,30,3
24,2,6,4,30,3
24,2,6,6,30,3
24,2,6,7,30,3
24,2,6,14,30,3
24,2,6,15,30,3
24,2,6,16,30,3
24,2,6,17,30,3
24,2,6,18,30,3
25,2,11,8,30,3
25,2,11,9,30,3
25,2,11,10,30,3
25,2,11,11,30,3
25,2,11,12,30,3
25,2,11,20,30,3
25,2,11,21,30,3
25,2,11,22,30,3
25,2,11,23,30,3
24,2,16,14,30,3
24,2,16,15,30,3
24,2,16,16,30,3
24,2,16,17,30,3
24,2,16,18,30,3
24,2,16,25,30,3
24,2,16,26,30,3
24,2,16,27,30,3
24,2,16,28,30,3
24,2,16,29,30,3
25,2,21,20,30,3
25,2,21,21,30,3
25,2,21,22,30,3
25,2,21,23,30,3
25,2,21,32,30,3
25,2,21,33,30,3
25,2,21,34,30,3
25,2,21,35,30,3
25,2,26,25,30,3
25,2,26,26,30,3
25,2,26,27,30,3
25,2,26,28,30,3
25,2,26,29,30,3
25,2,26,37,30,3
25,2,26,38,30,3
25,2,26,39,30,3
25,2,26,40,30,3
26,2,31,32,30,3
26,2,31,33,30,3
26,2,31,34,30,3
26,2,31,35,30,3
26,2,31,42,30,3
26,2,31,43,30,3
26,2,31,44,30,3
26,2,31,45,30,3
26,2,31,46,30,3
26,2,36,36,30,3
26,2,36,37,30,3
26,2,36,38,30,3
26,2,36,39,30,3
26,2,36,40,30,3
26,2,36,48,30,3
26,2,36,49,30,3
26,2,36,50,30,3
26,2,36,51,30,3
27,2,41,42,30,3
27,2,41,43,30,3
27,2,41,44,30,3
27,2,41,45,30,3
27,2,41,46,30,3
27,2,41,53,30,3
27,2,41,54,30,3
27,2,41,55,30,3
27,2,41,56,30,3
27,2,41,57,30,3
27,2,46,48,30,3
27,2,46,49,30,3
27,2,46,50,30,3
27,2,46,51,30,3
27,2,47,0,30,3
27,2,47,1,30,3
27,2,47,2,30,3
27,2,47,3,30,3
27,2,51,53,30,3
27,2,51,54,30,3
27,2,51,55,30,3
27,2,51,56,30,3
27,2,51,57,30,3
27,2,52,4,30,3
27,2,52,5,30,3
27,2,52,6,30,3
27,2,52,7,30,3
27,2,52,8,30,3
27,2,56,59,30,3
27,2,57,0,30,3
27,2,57,1,30,3
27,2,57,2,30,3
27,2,57,14,30,3
27,3,2,4,30,3
27,3,2,5,30,3
27,3,2,6,30,3
27,3,2,7,30,3
27,3,2,8,30,3
27,3,2,16,30,3
27,3,2,17,30,3
27,3,2,18,30,3
27,3,2,19,30,3
27,3,7,11,30,3
27,3,7,12,30,3
27,3,7,13,30,3
27,3,7,14,30,3
27,3,7,21,30,3
27,3,7,22,30,3
27,3,7,23,30,3
27,3,7,24,30,3
27,3,7,25,30,3
27,3,12,15,30,3
27,3,12,16,30,3
27,3,12,17,30,3
27,3,12,18,30,3
27,3,12,19,30,3
27,3,12,27,30,3
27,3,12,28,30,3
27,3,12,29,30,3
27,3,12,30,30,3
27,3,12,31,30,3
27,3,17,22,30,3
27,3,17,23,30,3
27,3,17,24,30,3
27,3,17,25,30,3
27,3,17,33,30,3
27,3,17,34,30,3
27,3,17,35,30,3
27,3,17,36,30,3
27,3,22,27,30,3
27,3,22,28,30,3
27,3,22,29,30,3
27,3,22,30,30,3
27,3,22,38,30,3
27,3,22,39,30,3
27,3,22,40,30,3
27,3,22,41,30,3
27,3,22,42,30,3
27,3,27,32,30,3
27,3,27,33,30,3
27,3,27,34,30,3
27,3,27,35,30,3
27,3,27,36,30,3
27,3,27,45,30,3
27,3,27,46,30,3
27,3,27,47,30,3
27,3,27,48,30,3
26,3,32,39,30,3
26,3,32,40,30,3
26,3,32,41,30,3
26,3,32,42,30,3
26,3,32,50,30,3
26,3,32,51,30,3
26,3,32,52,30,3
26,3,32,53,30,3
26,3,37,43,30,3
26,3,37,44,30,3
26,3,37,45,30,3
26,3,37,46,30,3
26,3,37,47,30,3
26,3,37,55,30,3
26,3,37,56,30,3
26,3,37,57,30,3
26,3,37,58,30,3
26,3,37,59,30,3
26,3,43,2,30,3
26,3,43,3,30,3
26,3,43,4,30,3
26,3,43,5,30,3
25,3,47,55,30,3
25,3,47,56,30,3
25,3,47,57,30,3
25,3,47,58,30,3
25,3,48,6,30,3
25,3,48,7,30,3
25,3,48,8,30,3
25,3,48,9,30,3
25,3,48,10,30,3
26,3,53,0,30,3
26,3,53,1,30,3
26,3,53,2,30,3
26,3,53,3,30,3
26,3,53,4,30,3
26,3,53,13,30,3
26,3,53,14,30,3
26,3,53,15,30,3
26,3,53,16,30,3
26,3,58,7,30,3
26,3,58,8,30,3
26,3,58,9,30,3
26,3,58,10,30,3
26,3,58,19,30,3
26,3,58,20,30,3
26,3,58,21,30,3
26,3,58,22,30,3
26,4,3,11,30,3
26,4,3,12,30,3
26,4,3,13,30,3
26,4,3,14,30,3
26,4,3,15,30,3
26,4,3,23,30,3
26,4,3,24,30,3
26,4,3,25,30,3
26,4,3,26,30,3
26,4,3,27,30,3
26,4,8,17,30,3
26,4,8,18,30,3
26,4,8,19,30,3
26,4,8,20,30,3
26,4,8,21,30,3
26,4,8,30,30,3
26,4,8,31,30,3
26,4,8,32,30,3
26,4,8,33,30,3
25,4,13,24,30,3
25,4,13,25,30,3
25,4,13,26,30,3
25,4,13,27,30,3
25,4,13,35,30,3
25,4,13,36,30,3
25,4,13,37,30,3
25,4,13,38,30,3
26,4,18,28,30,3
26,4,18,29,30,3
26,4,18,30,30,3
26,4,18,31,30,3
26,4,18,32,30,3
26,4,18,40,30,3
26,4,18,41,30,3
26,4,18,42,30,3
26,4,18,43,30,3
26,4,18,44,30,3
26,4,23,35,30,3
26,4,23,36,30,3
26,4,23,37,30,3
26,4,23,38,30,3
25,4,23,47,30,3
26,4,23,48,30,3
26,4,23,49,30,3
26,4,23,50,30,3
25,4,28,39,30,3
25,4,28,40,30,3
25,4,28,41,30,3
25,4,28,42,30,3
25,4,28,43,30,3
25,4,28,51,30,3
25,4,28,52,30,3
25,4,28,53,30,3
25,4,28,54,30,3
25,4,28,55,30,3
25,4,33,46,30,3
25,4,33,47,30,3
25,4,33,48,30,3
25,4,38,52,30,3
25,4,38,53,30,3
25,4,38,54,30,3
25,4,38,55,30,3
25,4,39,4,30,3
24,4,39,5,30,3
24,4,39,6,30,3
25,4,39,7,30,3
25,4,43,56,30,3
25,4,43,57,30,3
25,4,43,58,30,3
25,4,43,59,30,3
25,4,44,0,30,3
25,4,44,8,30,3
25,4,44,9,30,3
25,4,44,10,30,3
25,4,44,11,30,3
25,4,44,12,30,3
25,4,49,3,30,3
25,4,49,4,30,3
25,4,49,5,30,3
25,4,49,6,30,3
25,4,49,15,30,3
25,4,49,16,30,3
25,4,49,17,30,3
25,4,49,18,30,3
25,4,54,7,30,3
25,4,54,8,30,3
25,4,54,9,30,3
25,4,54,10,30,3
25,4,54,11,30,3
25,4,54,19,30,3
25,4,54,20,30,3
25,4,54,21,30,3
25,4,54,22,30,3
25,4,54,23,30,3
25,4,59,13,30,3
25,4,59,14,30,3
25,4,59,15,30,3
25,4,59,16,30,3
25,4,59,17,30,3
25,4,59,26,30,3
25,4,59,27,30,3
25,4,59,28,30,3
25,4,59,29,30,3
25,5,4,20,30,3
25,5,4,21,30,3
25,5,4,22,30,3
25,5,4,23,30,3
25,5,4,30,30,3
25,5,4,31,30,3
25,5,4,32,30,3
25,5,4,33,30,3
25,5,4,34,30,3
25,5,9,24,30,3
25,5,9,25,30,3
25,5,9,26,30,3
25,5,9,27,30,3
25,5,9,28,30,3
25,5,9,36,30,3
25,5,9,37,30,3
25,5,9,38,30,3
25,5,9,39,30,3
25,5,9,40,30,3
25,5,14,31,30,3
25,5,14,32,30,3
25,5,14,33,30,3
25,5,14,34,30,3
25,5,14,43,30,3
25,5,14,44,30,3
25,5,14,45,30,3
25,5,14,46,30,3
25,5,19,36,30,3
25,5,19,37,30,3
25,5,19,38,30,3
25,5,19,39,30,3
25,5,19,40,30,3
25,5,19,47,30,3
25,5,19,48,30,3
25,5,19,49,30,3
25,5,19,50,30,3
25,5,19,51,30,3
26,5,24,41,30,3
26,5,24,42,30,3
26,5,24,43,30,3
26,5,24,44,30,3
26,5,24,45,30,3
26,5,24,54,30,3
26,5,24,55,30,3
26,5,24,56,30,3
26,5,24,57,30,3
25,5,29,48,30,3
25,5,29,49,30,3
25,5,29,50,30,3
25,5,29,51,30,3
25,5,29,59,30,3
25,5,30,0,30,3
25,5,30,1,30,3
25,5,30,2,30,3
25,5,30,3,30,3
25,5,34,52,30,3
25,5,34,53,30,3
25,5,34,54,30,3
25,5,34,55,30,3
25,5,34,56,30,3
25,5,35,5,30,3
25,5,35,6,30,3
25,5,35,7,30,3
25,5,35,8,30,3
25,5,40,0,30,3
25,5,40,1,30,3
25,5,40,2,30,3
25,5,40,11,30,3
25,5,40,12,30,3
25,5,40,13,30,3
25,5,40,14,30,3
25,5,45,5,30,3
25,5,45,6,30,3
25,5,45,7,30,3
25,5,45,8,30,3
25,5,45,15,30,3
25,5,45,16,30,3
25,5,45,17,30,3
25,5,45,18,30,3
25,5,45,19,30,3
25,5,50,9,30,3
25,5,50,10,30,3
25,5,50,11,30,3
25,5,50,12,30,3
25,5,50,13,30,3
25,5,50,22,30,3
25,5,50,23,30,3
25,5,50,24,30,3
25,5,50,25,30,3
27,5,55,16,30,3
27,5,55,17,30,3
27,5,55,18,30,3
27,5,55,19,30,3
27,5,55,26,30,3
27,5,55,27,30,3
27,5,55,28,30,3
27,5,55,29,30,3
27,5,55,30,30,3
27,6,0,21,30,3
27,6,0,22,30,3
27,6,0,23,30,3
27,6,0,24,30,3
27,6,0,25,30,3
27,6,0,33,30,3
27,6,0,34,30,3
27,6,0,35,30,3
27,6,0,36,30,3
27,6,5,26,30,3
27,6,5,27,30,3
27,6,5,28,30,3
27,6,5,29,30,3
27,6,5,30,30,3
27,6,5,39,30,3
27,6,5,40,30,3
27,6,5,41,30,3
27,6,5,42,30,3
27,6,10,33,30,3
27,6,10,34,30,3
27,6,10,35,30,3
27,6,10,36,30,3
27,6,10,43,30,3
27,6,10,44,30,3
27,6,10,45,30,3
27,6,10,46,30,3
27,6,10,47,30,3
28,6,15,37,30,3
28,6,15,38,30,3
28,6,15,39,30,3
28,6,15,40,30,3
28,6,15,41,30,3
28,6,15,50,30,3
28,6,15,51,30,3
28,6,15,52,30,3
28,6,15,53,30,3
28,6,20,55,30,3
28,6,20,56,30,3
28,6,20,57,30,3
28,6,20,58,30,3
28,6,20,59,30,3
28,6,25,50,30,3
28,6,25,51,30,3
28,6,25,52,30,3
28,6,25,53,30,3
28,6,26,0,30,3
28,6,26,1,30,3
28,6,26,2,30,3
28,6,26,3,30,3
28,6,26,4,30,3
27,6,30,54,30,3
27,6,30,55,30,3
27,6,30,56,30,3
27,6,30,57,30,3
27,6,30,58,30,3
27,6,31,7,30,3
27,6,31,8,30,3
27,6,31,9,30,3
27,6,31,10,30,3
27,6,36,1,30,3
27,6,36,2,30,3
27,6,36,3,30,3
27,6,36,4,30,3
27,6,36,11,30,3
27,6,36,12,30,3
27,6,36,13,30,3
27,6,36,14,30,3
27,6,36,15,30,3
28,6,41,6,30,3
28,6,41,7,30,3
28,6,41,8,30,3
28,6,41,9,30,3
28,6,41,10,30,3
28,6,41,18,30,3
28,6,41,19,30,3
28,6,41,20,30,3
28,6,41,21,30,3
27,6,46,12,30,3
27,6,46,13,30,3
27,6,46,14,30,3
27,6,46,15,30,3
27,6,46,24,30,3
27,6,46,25,30,3
27,6,46,26,30,3
27,6,46,27,30,3
26,6,51,18,30,3
26,6,51,19,30,3
26,6,51,20,30,3
26,6,51,21,30,3
27,6,51,28,30,3
27,6,51,29,30,3
27,6,51,30,30,3
27,6,51,31,30,3
27,6,51,32,30,3
26,6,56,22,30,3
26,6,56,23,30,3
26,6,56,24,30,3
26,6,56,25,30,3
26,6,56,26,30,3
26,6,56,35,30,3
26,6,56,36,30,3
26,6,56,37,30,3
26,6,56,38,30,3
25,7,1,29,30,3
25,7,1,30,30,3
25,7,1,31,30,3
25,7,1,32,30,3
25,7,1,40,30,3
25,7,1,41,30,3
25,7,1,42,30,3
25,7,1,43,30,3
25,7,1,44,30,3
26,7,6,34,30,3
26,7,6,35,30,3
26,7,6,36,30,3
26,7,6,37,30,3
26,7,6,38,30,3
26,7,6,46,30,3
26,7,6,47,30,3
26,7,6,48,30,3
26,7,6,49,30,3
25,7,11,39,30,3
25,7,11,40,30,3
25,7,11,41,30,3
25,7,11,42,30,3
25,7,11,43,30,3
25,7,11,52,30,3
25,7,11,53,30,3
25,7,11,54,30,3
25,7,11,55,30,3
26,7,16,46,30,3
26,7,16,47,30,3
26,7,16,48,30,3
26,7,16,49,30,3
26,7,16,56,30,3
26,7,16,57,30,3
26,7,16,58,30,3
26,7,17,0,30,3
26,7,17,1,30,3
26,7,21,51,30,3
26,7,21,52,30,3
26,7,21,53,30,3
26,7,21,54,30,3
26,7,21,55,30,3
26,7,22,3,30,3
26,7,22,4,30,3
26,7,22,5,30,3
26,7,22,6,30,3
27,7,26,57,30,3
27,7,26,58,30,3
27,7,27,8,30,3
27,7,27,9,30,3
27,7,27,10,30,3
27,7,27,11,30,3
27,7,27,12,30,3
27,7,32,3,30,3
27,7,32,4,30,3
27,7,32,5,30,3
27,7,32,6,30,3
27,7,32,13,30,3
27,7,32,14,30,3
27,7,32,15,30,3
27,7,32,16,30,3
27,7,32,17,30,3
26,7,37,7,30,3
26,7,37,8,30,3
26,7,37,9,30,3
26,7,37,10,30,3
26,7,37,11,30,3
26,7,37,20,30,3
26,7,37,21,30,3
26,7,37,22,30,3
26,7,37,23,30,3
25,7,42,14,30,3
25,7,42,15,30,3
25,7,42,16,30,3
25,7,42,17,30,3
25,7,42,25,30,3
25,7,42,26,30,3
25,7,42,27,30,3
25,7,42,28,30,3
25,7,42,29,30,3
26,7,47,19,30,3
26,7,47,20,30,3
26,7,47,21,30,3
26,7,47,22,30,3
26,7,47,23,30,3
26,7,47,31,30,3
26,7,47,32,30,3
26,7,47,33,30,3
26,7,47,34,30,3
26,7,52,24,30,3
26,7,52,25,30,3
26,7,52,26,30,3
26,7,52,27,30,3
26,7,52,28,30,3
26,7,52,36,30,3
26,7,52,37,30,3
26,7,52,38,30,3
26,7,52,39,30,3
26,7,52,40,30,3
27,7,57,31,30,3
27,7,57,32,30,3
27,7,57,33,30,3
27,7,57,34,30,3
27,7,57,42,30,3
27,7,57,43,30,3
27,7,57,44,30,3
27,7,57,45,30,3
26,8,2,36,30,3
26,8,2,37,30,3
26,8,2,38,30,3
26,8,2,39,30,3
26,8,2,40,30,3
26,8,2,47,30,3
26,8,2,48,30,3
26,8,2,49,30,3
26,8,2,50,30,3
26,8,2,51,30,3
26,8,7,42,30,3
26,8,7,43,30,3
26,8,7,44,30,3
26,8,7,45,30,3
26,8,7,55,30,3
26,8,7,56,30,3
26,8,12,47,30,3
26,8,12,48,30,3
26,8,12,49,30,3
26,8,12,50,30,3
26,8,12,51,30,3
26,8,12,59,30,3
26,8,13,0,30,3
26,8,13,1,30,3
26,8,13,2,30,3
26,8,18,3,30,3
26,8,18,4,30,3
26,8,18,5,30,3
26,8,18,6,30,3
26,8,18,8,30,3
26,8,22,59,30,3
26,8,23,0,30,3
26,8,23,1,30,3
26,8,23,2,30,3
26,8,23,10,30,3
26,8,23,11,30,3
26,8,23,12,30,3
26,8,23,13,30,3
26,8,28,4,30,3
26,8,28,5,30,3
26,8,28,6,30,3
26,8,28,7,30,3
26,8,28,8,30,3
26,8,28,15,30,3
26,8,28,16,30,3
26,8,28,17,30,3
26,8,28,18,30,3
26,8,28,19,30,3
25,8,33,10,30,3
25,8,33,11,30,3
25,8,33,12,30,3
25,8,33,13,30,3
25,8,33,21,30,3
25,8,33,22,30,3
25,8,33,23,30,3
25,8,33,24,30,3
25,8,38,15,30,3
25,8,38,16,30,3
25,8,38,17,30,3
25,8,38,18,30,3
25,8,38,19,30,3
25,8,38,26,30,3
25,8,38,27,30,3
25,8,38,28,30,3
25,8,38,29,30,3
25,8,38,30,30,3
26,8,43,21,30,3
26,8,43,22,30,3
26,8,43,23,30,3
26,8,43,24,30,3
26,8,43,32,30,3
26,8,43,33,30,3
26,8,43,34,30,3
26,8,43,35,30,3
26,8,48,26,30,3
26,8,48,27,30,3
26,8,48,28,30,3
26,8,48,29,30,3
26,8,48,30,30,3
26,8,48,37,30,3
26,8,48,38,30,3
26,8,48,39,30,3
26,8,48,40,30,3
26,8,48,41,30,3
27,8,53,32,30,3
27,8,53,33,30,3
27,8,53,34,30,3
27,8,53,35,30,3
27,8,53,36,30,3
27,8,53,43,30,3
27,8,53,44,30,3
27,8,53,45,30,3
27,8,53,46,30,3
27,8,53,47,30,3
28,8,58,38,30,3
28,8,58,39,30,3
28,8,58,40,30,3
28,8,58,41,30,3
28,8,58,49,30,3
28,8,58,50,30,3
28,8,58,51,30,3
28,8,58,52,30,3
27,9,3,43,30,3
27,9,3,44,30,3
27,9,3,45,30,3
27,9,3,46,30,3
27,9,3,47,30,3
27,9,3,54,30,3
27,9,3,55,30,3
27,9,3,56,30,3
27,9,3,57,30,3
27,9,3,58,30,3
27,9,8,49,30,3
27,9,8,50,30,3
27,9,8,51,30,3
27,9,8,52,30,3
27,9,9,0,30,3
27,9,9,1,30,3
27,9,9,2,30,3
27,9,9,3,30,3
27,9,13,55,30,3
27,9,13,56,30,3
27,9,13,57,30,3
27,9,13,58,30,3
27,9,14,5,30,3
27,9,14,6,30,3
27,9,14,7,30,3
27,9,14,8,30,3
27,9,14,9,30,3
27,9,19,0,30,3
27,9,19,1,30,3
27,9,19,2,30,3
27,9,19,3,30,3
27,9,19,4,30,3
27,9,19,11,30,3
27,9,19,12,30,3
27,9,19,13,30,3
27,9,19,14,30,3
27,9,19,15,30,3
27,9,24,6,30,3
27,9,24,7,30,3
27,9,24,8,30,3
27,9,24,9,30,3
27,9,24,17,30,3
27,9,24,18,30,3
27,9,24,19,30,3
27,9,24,20,30,3
26,9,29,11,30,3
26,9,29,12,30,3
26,9,29,13,30,3
26,9,29,14,30,3
26,9,29,15,30,3
27,9,29,22,30,3
27,9,29,23,30,3
27,9,29,24,30,3
27,9,29,25,30,3
27,9,29,26,30,3
27,9,34,17,30,3
27,9,34,18,30,3
27,9,34,19,30,3
27,9,34,20,30,3
27,9,34,28,30,3
27,9,34,29,30,3
27,9,34,30,30,3
27,9,34,31,30,3
27,9,39,23,30,3
27,9,39,24,30,3
27,9,39,25,30,3
27,9,39,26,30,3
27,9,39,33,30,3
27,9,39,34,30,3
27,9,39,35,30,3
27,9,39,36,30,3
27,9,39,37,30,3
26,9,44,28,30,3
26,9,44,29,30,3
26,9,44,30,30,3
26,9,44,31,30,3
26,9,44,32,30,3
26,9,44,40,30,3
26,9,44,41,30,3
26,9,44,42,30,3
26,9,44,43,30,3
25,9,49,34,30,3
25,9,49,35,30,3
25,9,49,36,30,3
25,9,49,37,30,3
25,9,49,45,30,3
25,9,49,46,30,3
25,9,49,47,30,3
25,9,49,48,30,3
24,9,54,39,30,3
24,9,54,40,30,3
24,9,54,41,30,3
24,9,54,42,30,3
24,9,54,43,30,3
24,9,54,50,30,3
24,9,54,51,30,3
24,9,54,52,30,3
24,9,54,53,30,3
24,9,54,54,30,3
24,9,59,45,30,3
24,9,59,46,30,3
24,9,59,47,30,3
24,9,59,48,30,3
24,9,59,49,30,3
24,9,59,56,30,3
24,9,59,57,30,3
24,9,59,58,30,3
24,9,59,59,30,3
24,10,4,51,30,3
24,10,4,52,30,3
24,10,4,53,30,3
24,10,4,54,30,3
25,10,5,1,30,3
25,10,5,2,30,3
25,10,5,3,30,3
25,10,5,4,30,3
25,10,5,5,30,3
25,10,9,56,30,3
25,10,9,57,30,3
25,10,9,58,30,3
25,10,9,59,30,3
25,10,10,0,30,3
25,10,10,8,30,3
25,10,10,9,30,3
25,10,10,10,30,3
25,10,10,11,30,3
25,10,15,3,30,3
25,10,15,4,30,3
25,10,15,5,30,3
25,10,15,6,30,3
25,10,15,13,30,3
25,10,15,14,30,3
25,10,15,15,30,3
25,10,15,16,30,3
24,10,20,8,30,3
24,10,20,9,30,3
24,10,20,10,30,3
24,10,20,11,30,3
24,10,20,18,30,3
24,10,20,19,30,3
24,10,20,20,30,3
24,10,20,21,30,3
24,10,20,22,30,3
24,10,25,13,30,3
24,10,25,14,30,3
24,10,25,15,30,3
24,10,25,16,30,3
24,10,25,17,30,3
24,10,25,24,30,3
24,10,25,25,30,3
24,10,25,26,30,3
24,10,25,27,30,3
24,10,30,20,30,3
24,10,30,21,30,3
24,10,30,22,30,3
24,10,30,23,30,3
24,10,30,29,30,3
24,10,30,30,30,3
24,10,30,31,30,3
24,10,30,32,30,3
24,10,30,33,30,3
25,10,35,24,30,3
25,10,35,25,30,3
25,10,35,26,30,3
25,10,35,27,30,3
25,10,35,28,30,3
25,10,35,35,30,3
25,10,35,36,30,3
25,10,35,37,30,3
25,10,35,38,30,3
25,10,35,39,30,3
25,10,40,30,30,3
25,10,40,31,30,3
25,10,40,32,30,3
25,10,40,33,30,3
25,10,40,34,30,3
25,10,40,41,30,3
25,10,40,42,30,3
25,10,40,43,30,3
25,10,40,44,30,3
25,10,45,36,30,3
25,10,45,37,30,3
25,10,45,38,30,3
25,10,45,39,30,3
25,10,45,46,30,3
25,10,45,47,30,3
25,10,45,48,30,3
25,10,45,49,30,3
25,10,45,50,30,3
24,10,50,41,30,3
24,10,50,42,30,3
24,10,50,43,30,3
24,10,50,44,30,3
24,10,50,45,30,3
24,10,50,53,30,3
24,10,50,54,30,3
24,10,50,55,30,3
23,10,50,56,30,3
22,10,55,58,30,3
22,10,55,59,30,3
22,10,56,0,30,3
22,10,56,1,30,3
22,11,0,53,30,3
22,11,0,54,30,3
22,11,0,55,30,3
22,11,0,56,30,3
22,11,1,3,30,3
22,11,1,4,30,3
22,11,1,5,30,3
22,11,1,6,30,3
22,11,1,7,30,3
24,11,5,58,30,3
24,11,5,59,30,3
24,11,6,0,30,3
24,11,6,1,30,3
24,11,6,2,30,3
24,11,6,10,30,3
24,11,6,11,30,3
24,11,6,12,30,3
24,11,6,13,30,3
25,11,11,5,30,3
24,11,11,6,30,3
24,11,11,7,30,3
25,11,11,8,30,3
24,11,11,14,30,3
25,11,11,15,30,3
25,11,11,16,30,3
25,11,11,17,30,3
25,11,11,18,30,3
23,11,16,9,30,3
23,11,16,10,30,3
23,11,16,11,30,3
23,11,16,12,30,3
23,11,16,13,30,3
23,11,16,20,30,3
23,11,16,21,30,3
23,11,16,22,30,3
23,11,16,23,30,3
23,11,16,24,30,3
24,11,21,15,30,3
24,11,21,16,30,3
24,11,21,17,30,3
24,11,21,18,30,3
24,11,21,19,30,3
24,11,21,26,30,3
24,11,21,27,30,3
24,11,21,28,30,3
24,11,21,29,30,3
23,11,26,21,30,3
23,11,26,22,30,3
23,11,26,23,30,3
23,11,26,24,30,3
23,11,26,31,30,3
23,11,26,32,30,3
23,11,26,33,30,3
23,11,26,34,30,3
23,11,26,35,30,3
23,11,31,26,30,3
23,11,31,27,30,3
23,11,31,28,30,3
23,11,31,29,30,3
23,11,31,30,30,3
23,11,31,38,30,3
23,11,31,39,30,3
23,11,31,40,30,3
23,11,31,41,30,3
22,11,36,33,30,3
22,11,36,34,30,3
22,11,36,35,30,3
22,11,36,36,30,3
22,11,36,43,30,3
22,11,36,44,30,3
22,11,36,45,30,3
22,11,36,46,30,3
23,11,41,37,30,3
23,11,41,38,30,3
23,11,41,39,30,3
23,11,41,40,30,3
23,11,41,41,30,3
23,11,41,48,30,3
23,11,41,49,30,3
23,11,41,50,30,3
23,11,41,51,30,3
23,11,41,52,30,3
23,11,46,43,30,3
23,11,46,44,30,3
23,11,46,45,30,3
23,11,46,46,30,3
23,11,46,47,30,3
23,11,46,54,30,3
23,11,46,56,30,3
23,11,46,57,30,3
23,11,46,58,30,3
22,11,51,50,30,3
22,11,51,51,30,3
22,11,51,52,30,3
22,11,51,53,30,3
22,11,51,59,30,3
22,11,52,0,30,3
22,11,52,1,30,3
22,11,52,2,30,3
22,11,52,3,30,3
22,11,56,54,30,3
22,11,56,55,30,3
22,11,56,56,30,3
22,11,56,57,30,3
22,11,56,58,30,3
22,11,57,6,30,3
22,11,57,7,30,3
22,11,57,8,30,3
22,11,57,9,30,3
21,12,2,1,30,3
21,12,2,2,30,3
21,12,2,3,30,3
21,12,2,4,30,3
21,12,2,10,30,3
21,12,2,11,30,3
21,12,2,12,30,3
21,12,2,13,30,3
21,12,2,14,30,3
21,12,7,6,30,3
21,12,7,7,30,3
21,12,7,8,30,3
21,12,7,9,30,3
21,12,7,16,30,3
21,12,7,17,30,3
21,12,7,18,30,3
21,12,7,19,30,3
21,12,7,20,30,3
23,12,12,11,30,3
23,12,12,12,30,3
23,12,12,13,30,3
23,12,12,14,30,3
23,12,12,15,30,3
23,12,12,23,30,3
23,12,12,24,30,3
23,12,12,25,30,3
23,12,12,26,30,3
23,12,17,18,30,3
23,12,17,19,30,3
23,12,17,20,30,3
23,12,17,21,30,3
23,12,17,27,30,3
23,12,17,28,30,3
23,12,17,29,30,3
23,12,17,30,30,3
23,12,17,31,30,3
22,12,22,22,30,3
22,12,22,23,30,3
22,12,22,24,30,3
22,12,22,25,30,3
22,12,22,26,30,3
23,12,22,34,30,3
23,12,22,35,30,3
23,12,22,36,30,3
23,12,22,37,30,3
24,12,27,39,30,3
24,12,27,40,30,3
24,12,27,41,30,3
24,12,27,42,30,3
24,12,32,35,30,3
24,12,32,36,30,3
24,12,32,37,30,3
24,12,32,38,30,3
24,12,32,44,30,3
24,12,32,45,30,3
24,12,32,46,30,3
24,12,32,47,30,3
24,12,32,48,30,3
23,12,37,39,30,3
23,12,37,40,30,3
23,12,37,41,30,3
23,12,37,42,30,3
23,12,37,43,30,3
24,12,37,51,30,3
24,12,37,52,30,3
24,12,37,53,30,3
24,12,37,54,30,3
23,12,42,46,30,3
23,12,42,47,30,3
23,12,42,48,30,3
23,12,42,49,30,3
23,12,42,55,30,3
23,12,42,56,30,3
23,12,42,57,30,3
23,12,42,58,30,3
23,12,42,59,30,3
23,12,47,50,30,3
23,12,47,51,30,3
23,12,47,52,30,3
23,12,47,53,30,3
23,12,47,54,30,3
23,12,48,2,30,3
23,12,48,3,30,3
23,12,48,4,30,3
23,12,48,5,30,3
22,12,52,56,30,3
22,12,52,57,30,3
22,12,52,58,30,3
22,12,52,59,30,3
22,12,53,0,30,3
22,12,53,7,30,3
22,12,53,9,30,3
22,12,53,10,30,3
22,12,53,11,30,3
22,12,58,3,30,3
22,12,58,4,30,3
22,12,58,5,30,3
22,12,58,6,30,3
22,12,58,12,30,3
22,12,58,13,30,3
22,12,58,14,30,3
22,12,58,15,30,3
22,12,58,16,30,3
23,13,3,7,30,3
23,13,3,8,30,3
23,13,3,9,30,3
23,13,3,10,30,3
23,13,3,11,30,3
23,13,3,19,30,3
23,13,3,20,30,3
23,13,3,21,30,3
23,13,3,22,30,3
23,13,8,14,30,3
23,13,8,15,30,3
23,13,8,16,30,3
23,13,8,17,30,3
23,13,8,23,30,3
23,13,8,24,30,3
23,13,8,25,30,3
23,13,8,26,30,3
23,13,8,27,30,3
22,13,13,18,30,3
22,13,13,19,30,3
22,13,13,20,30,3
22,13,13,21,30,3
22,13,13,22,30,3
22,13,13,30,30,3
22,13,13,31,30,3
22,13,13,32,30,3
22,13,13,33,30,3
22,13,18,24,30,3
22,13,18,25,30,3
22,13,18,26,30,3
22,13,18,27,30,3
22,13,18,28,30,3
22,13,18,34,30,3
22,13,18,35,30,3
22,13,18,36,30,3
22,13,18,38,30,3
22,13,18,39,30,3
22,13,23,31,30,3
22,13,23,32,30,3
22,13,23,33,30,3
22,13,23,34,30,3
22,13,23,40,30,3
22,13,23,41,30,3
22,13,23,42,30,3
22,13,23,43,30,3
22,13,23,44,30,3
22,13,28,35,30,3
22,13,28,36,30,3
22,13,28,37,30,3
22,13,28,38,30,3
22,13,28,39,30,3
22,13,28,47,30,3
22,13,28,48,30,3
22,13,28,49,30,3
22,13,28,50,30,3
21,13,33,42,30,3
21,13,33,43,30,3
21,13,33,44,30,3
21,13,33,45,30,3
21,13,33,51,30,3
21,13,33,52,30,3
21,13,33,53,30,3
21,13,33,54,30,3
21,13,33,55,30,3
22,13,38,48,30,3
22,13,38,49,30,3
22,13,38,50,30,3
22,13,38,51,30,3
22,13,38,57,30,3
22,13,38,58,30,3
22,13,38,59,30,3
22,13,39,0,30,3
22,13,39,1,30,3
