2,5,30,47,29,3
2,5,30,48,29,3
1,5,35,52,29,3
1,5,35,53,29,3
1,5,35,54,29,3
1,5,35,55,29,3
1,5,40,53,29,3
1,5,40,54,29,3
1,5,40,55,29,3
2,5,40,56,29,3
2,5,45,57,29,3
2,5,45,58,29,3
2,5,45,59,29,3
2,5,46,0,29,3
2,5,46,1,29,3
1,5,50,58,29,3
1,5,50,59,29,3
1,5,51,0,29,3
1,5,51,1,29,3
1,5,51,2,29,3
1,5,56,6,29,3
1,6,1,4,29,3
1,6,1,5,29,3
1,6,1,6,29,3
1,6,1,7,29,3
1,6,6,9,29,3
1,6,6,10,29,3
1,6,6,11,29,3
1,6,6,12,29,3
1,6,11,10,29,3
1,6,11,11,29,3
1,6,11,12,29,3
1,6,11,13,29,3
1,6,16,14,29,3
1,6,16,15,29,3
1,6,16,16,29,3
1,6,16,17,29,3
1,6,16,18,29,3
1,6,21,15,29,3
1,6,21,16,29,3
1,6,21,17,29,3
1,6,21,18,29,3
1,6,21,19,29,3
1,6,26,20,29,3
1,6,26,21,29,3
1,6,26,22,29,3
1,6,26,23,29,3
1,6,26,24,29,3
1,6,31,21,29,3
1,6,31,22,29,3
1,6,31,23,29,3
1,6,31,24,29,3
1,6,36,26,29,3
1,6,36,27,29,3
1,6,36,28,29,3
1,6,36,29,29,3
1,6,41,27,29,3
1,6,41,28,29,3
1,6,41,29,29,3
1,6,41,30,29,3
1,6,46,31,29,3
1,6,46,32,29,3
1,6,46,33,29,3
1,6,46,34,29,3
1,6,46,35,29,3
1,6,51,32,29,3
1,6,51,33,29,3
1,6,51,34,29,3
1,6,51,35,29,3
1,6,51,36,29,3
1,6,56,37,29,3
1,6,56,38,29,3
1,6,56,39,29,3
1,6,56,40,29,3
1,6,56,41,29,3
1,7,1,39,29,3
1,7,1,40,29,3
1,7,1,41,29,3
1,7,1,42,29,3
1,7,6,43,29,3
1,7,6,44,29,3
1,7,6,45,29,3
1,7,6,46,29,3
1,7,11,44,29,3
1,7,11,45,29,3
1,7,11,46,29,3
1,7,11,47,29,3
1,7,16,48,29,3
1,7,16,49,29,3
1,7,16,50,29,3
1,7,16,51,29,3
1,7,16,52,29,3
1,7,21,49,29,3
1,7,21,50,29,3
1,7,21,51,29,3
1,7,21,52,29,3
1,7,21,53,29,3
1,7,26,54,29,3
1,7,26,55,29,3
1,7,26,56,29,3
1,7,26,57,29,3
1,7,26,58,29,3
1,7,31,55,29,3
1,7,31,56,29,3
1,7,31,57,29,3
1,7,31,58,29,3
1,7,31,59,29,3
1,7,37,1,29,3
1,7,37,2,29,3
1,7,37,3,29,3
1,7,37,4,29,3
1,7,42,1,29,3
1,7,42,2,29,3
1,7,42,3,29,3
1,7,42,4,29,3
1,7,47,6,29,3
1,7,47,7,29,3
1,7,47,8,29,3
1,7,47,9,29,3
1,7,52,6,29,3
1,7,52,7,29,3
1,7,52,8,29,3
1,7,52,9,29,3
1,7,52,10,29,3
1,7,57,11,29,3
1,7,57,12,29,3
1,7,57,13,29,3
1,7,57,14,29,3
1,7,57,15,29,3
1,8,2,12,29,3
1,8,2,13,29,3
1,8,2,14,29,3
1,8,2,15,29,3
1,8,2,16,29,3
1,8,7,17,29,3
1,8,7,18,29,3
1,8,7,19,29,3
1,8,7,20,29,3
1,8,7,21,29,3
1,8,12,19,29,3
1,8,12,20,29,3
1,8,12,21,29,3
1,8,12,22,29,3
1,8,17,23,29,3
1,8,17,24,29,3
1,8,17,25,29,3
1,8,17,27,29,3
1,8,22,24,29,3
1,8,22,25,29,3
1,8,22,26,29,3
1,8,22,27,29,3
1,8,27,28,29,3
1,8,27,29,29,3
1,8,27,30,29,3
1,8,27,31,29,3
1,8,27,32,29,3
1,8,32,29,29,3
1,8,32,30,29,3
1,8,32,31,29,3
1,8,32,32,29,3
1,8,32,33,29,3
1,8,37,38,29,3
1,8,42,36,29,3
1,8,42,37,29,3
1,8,42,38,29,3
1,8,42,39,29,3
1,8,47,41,29,3
1,8,47,42,29,3
1,8,47,43,29,3
1,8,47,44,29,3
1,8,52,40,29,3
1,8,52,41,29,3
1,8,52,42,29,3
1,8,52,43,29,3
1,8,52,44,29,3
1,8,57,45,29,3
1,8,57,46,29,3
1,8,57,47,29,3
1,8,57,48,29,3
1,8,57,49,29,3
1,9,2,46,29,3
1,9,2,47,29,3
1,9,2,48,29,3
1,9,2,49,29,3
1,9,2,50,29,3
1,9,7,52,29,3
1,9,7,53,29,3
1,9,7,54,29,3
1,9,7,55,29,3
1,9,12,53,29,3
1,9,12,54,29,3
1,9,12,55,29,3
1,9,12,56,29,3
1,9,17,56,29,3
1,9,17,57,29,3
1,9,17,58,29,3
1,9,17,59,29,3
1,9,18,0,29,3
1,9,22,57,29,3
1,9,22,58,29,3
1,9,22,59,29,3
1,9,23,0,29,3
1,9,23,1,29,3
1,9,28,2,29,3
1,9,28,3,29,3
1,9,28,4,29,3
1,9,28,5,29,3
1,9,28,6,29,3
1,9,33,5,29,3
1,9,33,6,29,3
1,9,33,7,29,3
1,9,38,9,29,3
1,9,38,10,29,3
1,9,38,11,29,3
1,9,38,12,29,3
1,9,43,10,29,3
1,9,43,11,29,3
1,9,43,12,29,3
1,9,43,13,29,3
1,9,48,13,29,3
1,9,48,14,29,3
1,9,48,15,29,3
1,9,48,16,29,3
1,9,48,17,29,3
1,9,53,14,29,3
1,9,53,15,29,3
1,9,53,16,29,3
1,9,53,17,29,3
1,9,53,18,29,3
1,9,58,19,29,3
1,9,58,20,29,3
1,9,58,21,29,3
1,9,58,22,29,3
1,9,58,23,29,3
1,10,3,20,29,3
1,10,3,21,29,3
1,10,3,22,29,3
1,10,3,23,29,3
1,10,3,24,29,3
1,10,8,26,29,3
1,10,8,27,29,3
1,10,8,28,29,3
1,10,8,29,29,3
1,10,13,27,29,3
1,10,13,28,29,3
1,10,13,29,29,3
1,10,13,30,29,3
2,10,18,32,29,3
2,10,18,33,29,3
2,10,18,34,29,3
2,10,18,35,29,3
1,10,23,33,29,3
1,10,23,34,29,3
1,10,23,35,29,3
1,10,23,36,29,3
1,10,28,36,29,3
1,10,28,37,29,3
1,10,28,38,29,3
1,10,28,39,29,3
1,10,28,40,29,3
1,10,33,37,29,3
1,10,33,38,29,3
1,10,33,39,29,3
1,10,33,40,29,3
1,10,33,41,29,3
1,10,38,43,29,3
1,10,38,44,29,3
1,10,38,45,29,3
1,10,38,46,29,3
1,10,43,44,29,3
1,10,43,45,29,3
1,10,48,49,29,3
1,10,48,50,29,3
1,10,48,51,29,3
1,10,48,52,29,3
1,10,53,50,29,3
1,10,53,51,29,3
1,10,53,52,29,3
1,10,53,53,29,3
2,10,58,53,29,3
2,10,58,54,29,3
2,10,58,55,29,3
2,10,58,56,29,3
2,10,58,57,29,3
2,11,3,54,29,3
2,11,3,55,29,3
2,11,3,56,29,3
2,11,3,57,29,3
2,11,3,58,29,3
2,11,8,59,29,3
2,11,9,0,29,3
2,11,9,1,29,3
2,11,9,2,29,3
2,11,9,3,29,3
2,11,14,1,29,3
2,11,14,2,29,3
2,11,14,3,29,3
2,11,14,4,29,3
2,11,19,6,29,3
2,11,19,7,29,3
2,11,19,8,29,3
2,11,19,9,29,3
2,11,24,7,29,3
2,11,24,8,29,3
2,11,24,9,29,3
2,11,24,10,29,3
2,11,29,11,29,3
2,11,29,12,29,3
2,11,29,13,29,3
2,11,29,14,29,3
2,11,29,15,29,3
2,11,34,11,29,3
2,11,34,12,29,3
2,11,34,13,29,3
2,11,34,14,29,3
2,11,34,15,29,3
2,11,39,18,29,3
2,11,39,19,29,3
2,11,39,20,29,3
2,11,44,17,29,3
2,11,44,18,29,3
2,11,44,19,29,3
2,11,44,20,29,3
2,11,44,21,29,3
2,11,49,23,29,3
2,11,49,24,29,3
2,11,49,25,29,3
2,11,49,26,29,3
2,11,54,24,29,3
2,11,54,25,29,3
2,11,54,26,29,3
2,11,54,27,29,3
2,11,59,28,29,3
2,11,59,29,29,3
2,11,59,30,29,3
2,11,59,31,29,3
2,11,59,32,29,3
2,12,4,29,29,3
2,12,4,30,29,3
2,12,4,31,29,3
2,12,4,32,29,3
2,12,4,33,29,3
2,12,9,33,29,3
2,12,9,34,29,3
2,12,9,35,29,3
2,12,9,36,29,3
2,12,9,37,29,3
2,12,14,34,29,3
2,12,14,35,29,3
2,12,14,36,29,3
2,12,14,37,29,3
2,12,14,38,29,3
2,12,19,40,29,3
2,12,19,41,29,3
2,12,19,42,29,3
2,12,19,43,29,3
2,12,24,41,29,3
2,12,24,42,29,3
2,12,24,43,29,3
2,12,24,44,29,3
2,12,29,46,29,3
2,12,29,47,29,3
2,12,29,48,29,3
2,12,29,49,29,3
2,12,34,46,29,3
2,12,34,47,29,3
2,12,34,48,29,3
2,12,34,49,29,3
2,12,34,50,29,3
2,12,39,51,29,3
2,12,39,52,29,3
2,12,39,53,29,3
2,12,39,54,29,3
2,12,39,55,29,3
2,12,44,51,29,3
2,12,44,52,29,3
2,12,44,53,29,3
2,12,44,54,29,3
2,12,44,55,29,3
2,12,54,58,29,3
2,12,54,59,29,3
2,12,55,0,29,3
2,12,55,1,29,3
2,13,0,3,29,3
2,13,0,4,29,3
2,13,0,5,29,3
2,13,0,6,29,3
2,13,5,4,29,3
2,13,5,5,29,3
2,13,5,6,29,3
2,13,5,7,29,3
2,13,10,8,29,3
2,13,10,9,29,3
2,13,10,10,29,3
2,13,10,11,29,3
2,13,10,12,29,3
2,13,15,9,29,3
2,13,15,10,29,3
2,13,15,11,29,3
2,13,15,12,29,3
2,13,15,13,29,3
2,13,20,13,29,3
2,13,20,15,29,3
2,13,20,16,29,3
2,13,20,17,29,3
2,13,20,18,29,3
2,13,25,15,29,3
2,13,25,16,29,3
2,13,25,17,29,3
2,13,25,18,29,3
2,13,30,20,29,3
2,13,30,21,29,3
2,13,30,22,29,3
2,13,30,23,29,3
2,13,35,21,29,3
2,13,35,22,29,3
2,13,35,23,29,3
2,13,35,24,29,3
2,13,40,26,29,3
2,13,40,27,29,3
2,13,40,28,29,3
2,13,40,29,29,3
2,13,45,26,29,3
2,13,45,27,29,3
2,13,45,28,29,3
2,13,45,29,29,3
2,13,45,30,29,3
1,13,50,31,29,3
1,13,50,32,29,3
1,13,50,33,29,3
1,13,50,34,29,3
1,13,50,35,29,3
2,13,55,32,29,3
2,13,55,33,29,3
2,13,55,34,29,3
2,13,55,35,29,3
2,13,55,36,29,3
2,14,0,37,29,3
2,14,0,38,29,3
2,14,0,39,29,3
2,14,0,40,29,3
2,14,0,41,29,3
2,14,5,38,29,3
2,14,5,39,29,3
2,14,5,40,29,3
2,14,5,41,29,3
2,14,10,43,29,3
2,14,10,44,29,3
2,14,10,45,29,3
2,14,10,46,29,3
2,14,15,43,29,3
2,14,15,44,29,3
2,14,15,45,29,3
2,14,15,46,29,3
2,14,15,47,29,3
2,14,20,48,29,3
2,14,20,49,29,3
2,14,20,50,29,3
2,14,20,51,29,3
2,14,20,52,29,3
2,14,25,49,29,3
2,14,25,50,29,3
2,14,25,51,29,3
2,14,25,52,29,3
2,14,25,53,29,3
2,14,30,54,29,3
2,14,30,55,29,3
2,14,30,56,29,3
2,14,30,57,29,3
2,14,30,58,29,3
2,14,35,55,29,3
2,14,35,56,29,3
2,14,35,57,29,3
2,14,35,58,29,3
2,14,41,0,29,3
2,14,41,1,29,3
2,14,41,2,29,3
2,14,41,3,29,3
2,14,46,1,29,3
2,14,46,2,29,3
2,14,46,3,29,3
2,14,46,4,29,3
2,14,51,6,29,3
2,14,51,7,29,3
2,14,51,8,29,3
2,14,51,9,29,3
2,14,56,6,29,3
2,14,56,7,29,3
2,14,56,8,29,3
2,14,56,9,29,3
2,14,56,10,29,3
2,15,1,11,29,3
2,15,1,12,29,3
2,15,1,13,29,3
2,15,1,14,29,3
2,15,1,15,29,3
2,15,6,12,29,3
2,15,6,13,29,3
2,15,6,14,29,3
2,15,6,15,29,3
2,15,11,17,29,3
2,15,11,18,29,3
2,15,11,19,29,3
2,15,11,20,29,3
2,15,16,17,29,3
2,15,16,18,29,3
2,15,16,19,29,3
2,15,16,20,29,3
2,15,16,21,29,3
2,15,21,23,29,3
2,15,21,24,29,3
2,15,21,25,29,3
2,15,21,26,29,3
2,15,26,23,29,3
2,15,26,24,29,3
2,15,26,25,29,3
2,15,26,26,29,3
2,15,26,27,29,3
2,15,31,28,29,3
2,15,31,29,29,3
2,15,31,30,29,3
2,15,31,31,29,3
2,15,31,32,29,3
2,15,36,29,29,3
2,15,36,30,29,3
2,15,36,31,29,3
2,15,36,32,29,3
2,15,41,34,29,3
2,15,41,35,29,3
2,15,41,36,29,3
2,15,41,37,29,3
2,15,46,34,29,3
2,15,46,35,29,3
2,15,46,36,29,3
2,15,46,37,29,3
2,15,46,38,29,3
2,15,51,39,29,3
2,15,51,40,29,3
2,15,51,41,29,3
2,15,51,42,29,3
2,15,51,43,29,3
2,16,1,45,29,3
2,16,1,46,29,3
2,16,1,47,29,3
2,16,1,48,29,3
2,16,1,49,29,3
2,16,6,46,29,3
2,16,6,47,29,3
2,16,6,48,29,3
2,16,6,49,29,3
2,16,11,51,29,3
2,16,11,52,29,3
2,16,11,53,29,3
2,16,11,54,29,3
2,16,16,51,29,3
2,16,16,52,29,3
2,16,16,53,29,3
2,16,16,54,29,3
2,16,16,55,29,3
2,16,21,56,29,3
2,16,21,57,29,3
2,16,21,58,29,3
2,16,21,59,29,3
2,16,22,0,29,3
2,16,26,58,29,3
2,16,26,59,29,3
2,16,27,0,29,3
2,16,27,1,29,3
2,16,32,2,29,3
2,16,32,3,29,3
2,16,32,4,29,3
2,16,32,5,29,3
2,16,32,6,29,3
2,16,37,3,29,3
2,16,37,4,29,3
2,16,37,5,29,3
2,16,37,6,29,3
2,16,42,9,29,3
2,16,42,10,29,3
2,16,42,11,29,3
2,16,42,12,29,3
2,16,47,8,29,3
2,16,47,9,29,3
2,16,47,10,29,3
2,16,47,11,29,3
2,16,47,12,29,3
2,16,52,14,29,3
2,16,52,15,29,3
2,16,52,16,29,3
2,16,52,17,29,3
2,16,57,14,29,3
2,16,57,15,29,3
2,16,57,16,29,3
2,16,57,17,29,3
2,16,57,18,29,3
2,17,2,19,29,3
2,17,2,20,29,3
2,17,2,21,29,3
2,17,2,22,29,3
2,17,2,23,29,3
2,17,7,21,29,3
2,17,7,22,29,3
2,17,7,23,29,3
2,17,7,24,29,3
2,17,12,27,29,3
2,17,12,28,29,3
2,17,12,29,29,3
2,17,17,26,29,3
2,17,17,27,29,3
2,17,17,28,29,3
2,17,17,29,29,3
2,17,22,32,29,3
2,17,22,33,29,3
2,17,22,34,29,3
2,17,22,35,29,3
2,17,27,31,29,3
2,17,27,32,29,3
2,17,27,33,29,3
2,17,27,34,29,3
2,17,27,35,29,3
2,17,32,36,29,3
2,17,32,37,29,3
2,17,32,38,29,3
2,17,32,39,29,3
2,17,32,40,29,3
2,17,37,38,29,3
2,17,37,39,29,3
2,17,37,40,29,3
2,17,37,41,29,3
2,17,42,42,29,3
2,17,42,43,29,3
2,17,42,44,29,3
2,17,42,45,29,3
2,17,42,46,29,3
2,17,47,43,29,3
2,17,47,44,29,3
2,17,47,45,29,3
2,17,47,47,29,3
2,17,52,49,29,3
2,17,52,50,29,3
2,17,52,51,29,3
2,17,52,52,29,3
2,17,57,48,29,3
2,17,57,49,29,3
2,17,57,50,29,3
2,17,57,51,29,3
2,17,57,52,29,3
2,18,2,53,29,3
2,18,2,54,29,3
2,18,2,55,29,3
2,18,2,56,29,3
2,18,2,57,29,3
2,18,7,54,29,3
2,18,7,55,29,3
2,18,7,56,29,3
2,18,7,57,29,3
2,18,7,58,29,3
2,18,13,0,29,3
2,18,13,1,29,3
2,18,13,2,29,3
2,18,13,3,29,3
2,18,18,1,29,3
2,18,18,2,29,3
2,18,18,3,29,3
2,18,18,4,29,3
2,18,23,6,29,3
2,18,23,7,29,3
2,18,23,8,29,3
2,18,23,9,29,3
2,18,28,5,29,3
2,18,28,6,29,3
2,18,28,7,29,3
2,18,28,8,29,3
2,18,28,9,29,3
2,18,33,10,29,3
2,18,33,11,29,3
2,18,33,12,29,3
2,18,33,13,29,3
2,18,33,14,29,3
2,18,38,12,29,3
2,18,38,13,29,3
2,18,38,14,29,3
2,18,38,15,29,3
2,18,43,17,29,3
2,18,43,18,29,3
2,18,43,19,29,3
2,18,43,20,29,3
2,18,48,18,29,3
2,18,48,19,29,3
2,18,48,20,29,3
2,18,48,21,29,3
2,18,53,23,29,3
2,18,53,24,29,3
2,18,53,25,29,3
2,18,53,26,29,3
2,18,58,22,29,3
2,18,58,23,29,3
2,18,58,24,29,3
2,18,58,25,29,3
2,18,58,26,29,3
2,19,3,27,29,3
2,19,3,28,29,3
2,19,3,29,29,3
2,19,3,30,29,3
2,19,3,31,29,3
2,19,8,28,29,3
2,19,8,29,29,3
2,19,8,30,29,3
2,19,8,31,29,3
2,19,8,32,29,3
2,19,13,34,29,3
2,19,13,35,29,3
2,19,13,36,29,3
2,19,13,37,29,3
2,19,18,35,29,3
2,19,18,36,29,3
2,19,18,37,29,3
2,19,18,38,29,3
2,19,23,40,29,3
2,19,23,41,29,3
2,19,23,42,29,3
2,19,23,43,29,3
2,19,28,39,29,3
2,19,28,40,29,3
2,19,28,41,29,3
2,19,28,42,29,3
2,19,28,43,29,3
2,19,33,44,29,3
2,19,33,45,29,3
2,19,33,46,29,3
2,19,33,47,29,3
2,19,33,48,29,3
2,19,38,45,29,3
2,19,38,46,29,3
2,19,38,47,29,3
2,19,38,48,29,3
2,19,38,49,29,3
2,19,43,50,29,3
2,19,43,51,29,3
2,19,43,52,29,3
2,19,43,53,29,3
2,19,43,54,29,3
2,19,48,52,29,3
2,19,48,53,29,3
2,19,48,54,29,3
2,19,48,55,29,3
2,19,53,57,29,3
2,19,53,58,29,3
2,19,53,59,29,3
2,19,54,0,29,3
2,19,58,57,29,3
2,19,58,58,29,3
2,19,58,59,29,3
2,19,59,0,29,3
2,19,59,1,29,3
2,20,4,2,29,3
2,20,4,3,29,3
2,20,4,4,29,3
2,20,4,5,29,3
2,20,4,6,29,3
2,20,9,3,29,3
2,20,9,4,29,3
2,20,9,5,29,3
2,20,9,6,29,3
2,20,14,7,29,3
2,20,14,8,29,3
2,20,14,9,29,3
2,20,14,10,29,3
2,20,14,11,29,3
2,20,19,9,29,3
2,20,19,10,29,3
2,20,19,11,29,3
2,20,19,12,29,3
2,20,24,14,29,3
2,20,24,15,29,3
2,20,24,16,29,3
2,20,24,17,29,3
2,20,29,13,29,3
2,20,29,14,29,3
2,20,29,15,29,3
2,20,29,16,29,3
2,20,29,17,29,3
2,20,34,19,29,3
2,20,34,20,29,3
2,20,34,21,29,3
2,20,34,22,29,3
2,20,34,23,29,3
2,20,39,20,29,3
2,20,39,21,29,3
2,20,39,22,29,3
2,20,39,23,29,3
2,20,44,24,29,3
2,20,44,25,29,3
2,20,44,26,29,3
2,20,44,27,29,3
2,20,44,28,29,3
2,20,49,26,29,3
2,20,49,27,29,3
2,20,49,28,29,3
2,20,49,29,29,3
2,20,54,31,29,3
2,20,54,32,29,3
2,20,54,33,29,3
2,20,54,34,29,3
2,20,59,30,29,3
2,20,59,31,29,3
2,20,59,32,29,3
2,20,59,33,29,3
2,20,59,34,29,3
2,21,4,36,29,3
2,21,4,37,29,3
2,21,4,38,29,3
2,21,4,39,29,3
2,21,4,40,29,3
2,21,9,37,29,3
2,21,9,38,29,3
2,21,9,39,29,3
2,21,9,40,29,3
2,21,14,41,29,3
2,21,14,42,29,3
2,21,14,43,29,3
2,21,14,44,29,3
2,21,14,45,29,3
2,21,19,43,29,3
2,21,19,44,29,3
2,21,19,45,29,3
2,21,19,46,29,3
2,21,24,48,29,3
2,21,24,49,29,3
2,21,24,50,29,3
2,21,24,51,29,3
2,21,29,47,29,3
2,21,29,48,29,3
2,21,29,49,29,3
2,21,29,50,29,3
2,21,29,51,29,3
2,21,34,53,29,3
2,21,34,54,29,3
2,21,34,55,29,3
2,21,34,56,29,3
2,21,34,57,29,3
2,21,39,54,29,3
2,21,39,55,29,3
2,21,39,56,29,3
2,21,39,57,29,3
2,21,44,59,29,3
2,21,45,0,29,3
2,21,45,1,29,3
2,21,45,2,29,3
2,21,45,3,29,3
2,21,49,59,29,3
2,21,50,0,29,3
2,21,50,1,29,3
2,21,50,2,29,3
2,21,50,3,29,3
2,21,55,5,29,3
2,21,55,6,29,3
2,21,55,7,29,3
2,21,55,8,29,3
2,22,0,5,29,3
2,22,0,6,29,3
2,22,0,7,29,3
2,22,5,11,29,3
2,22,5,12,29,3
2,22,5,13,29,3
2,22,5,14,29,3
2,22,10,11,29,3
2,22,10,12,29,3
2,22,10,13,29,3
2,22,10,14,29,3
2,22,10,16,29,3
2,22,10,17,29,3
2,22,10,18,29,3
2,22,10,19,29,3
2,22,10,20,29,3
2,22,15,16,29,3
2,22,15,17,29,3
2,22,15,18,29,3
2,22,15,19,29,3
2,22,15,20,29,3
2,22,15,22,29,3
2,22,15,23,29,3
2,22,15,24,29,3
2,22,15,25,29,3
2,22,20,22,29,3
2,22,20,23,29,3
2,22,20,24,29,3
2,22,20,25,29,3
2,22,20,27,29,3
2,22,20,28,29,3
2,22,20,29,29,3
2,22,20,30,29,3
2,22,20,31,29,3
2,22,25,27,29,3
2,22,25,28,29,3
2,22,25,29,29,3
2,22,25,30,29,3
2,22,25,31,29,3
2,22,25,33,29,3
2,22,25,34,29,3
2,22,25,35,29,3
2,22,25,36,29,3
2,22,30,33,29,3
2,22,30,34,29,3
2,22,30,35,29,3
2,22,30,36,29,3
2,22,30,38,29,3
2,22,30,39,29,3
2,22,30,40,29,3
2,22,30,41,29,3
2,22,30,42,29,3
2,22,35,38,29,3
2,22,35,39,29,3
2,22,35,40,29,3
2,22,35,41,29,3
2,22,35,42,29,3
2,22,35,44,29,3
2,22,35,45,29,3
2,22,35,46,29,3
2,22,35,47,29,3
2,22,35,48,29,3
2,22,40,44,29,3
2,22,40,45,29,3
2,22,40,50,29,3
2,22,40,51,29,3
2,22,40,52,29,3
2,22,40,53,29,3
2,22,45,50,29,3
2,22,45,51,29,3
2,22,45,52,29,3
2,22,45,53,29,3
2,22,45,55,29,3
2,22,45,56,29,3
2,22,45,57,29,3
2,22,45,58,29,3
2,22,45,59,29,3
2,22,50,55,29,3
2,22,50,56,29,3
2,22,50,57,29,3
2,22,50,58,29,3
2,22,50,59,29,3
2,22,51,1,29,3
2,22,51,2,29,3
2,22,51,3,29,3
2,22,56,1,29,3
2,22,56,2,29,3
2,22,56,3,29,3
2,22,56,4,29,3
2,22,56,7,29,3
2,22,56,8,29,3
2,22,56,9,29,3
2,22,56,10,29,3
2,23,1,6,29,3
2,23,1,7,29,3
2,23,1,8,29,3
2,23,1,9,29,3
2,23,1,10,29,3
2,23,1,12,29,3
2,23,1,13,29,3
2,23,1,14,29,3
2,23,1,15,29,3
2,23,1,16,29,3
2,23,6,12,29,3
2,23,6,13,29,3
2,23,6,14,29,3
2,23,6,15,29,3
2,23,6,18,29,3
2,23,6,19,29,3
2,23,6,20,29,3
2,23,6,21,29,3
2,23,11,17,29,3
2,23,11,18,29,3
2,23,11,19,29,3
2,23,11,20,29,3
2,23,11,21,29,3
2,23,11,23,29,3
2,23,11,24,29,3
2,23,11,25,29,3
2,23,11,26,29,3
2,23,11,27,29,3
2,23,16,29,29,3
2,23,16,30,29,3
2,23,16,31,29,3
2,23,16,32,29,3
2,23,16,33,29,3
2,23,21,29,29,3
2,23,21,30,29,3
2,23,21,31,29,3
2,23,21,32,29,3
2,23,21,35,29,3
2,23,21,36,29,3
2,23,21,37,29,3
2,23,21,38,29,3
2,23,26,34,29,3
2,23,26,35,29,3
2,23,26,36,29,3
2,23,26,37,29,3
2,23,26,38,29,3
2,23,26,40,29,3
2,23,26,41,29,3
2,23,26,42,29,3
2,23,26,43,29,3
2,23,26,44,29,3
2,23,31,40,29,3
2,23,31,41,29,3
2,23,31,42,29,3
2,23,31,43,29,3
2,23,31,46,29,3
2,23,31,47,29,3
2,23,31,48,29,3
2,23,31,49,29,3
2,23,36,45,29,3
2,23,36,46,29,3
2,23,36,47,29,3
2,23,36,48,29,3
2,23,36,49,29,3
2,23,36,52,29,3
2,23,36,53,29,3
2,23,36,54,29,3
2,23,36,55,29,3
2,23,41,51,29,3
2,23,41,52,29,3
2,23,41,53,29,3
2,23,41,54,29,3
2,23,41,55,29,3
2,23,41,57,29,3
2,23,41,58,29,3
2,23,41,59,29,3
2,23,42,0,29,3
2,23,42,1,29,3
2,23,46,57,29,3
2,23,46,58,29,3
2,23,46,59,29,3
2,23,47,0,29,3
2,23,47,3,29,3
2,23,47,4,29,3
2,23,47,5,29,3
2,23,47,6,29,3
2,23,52,2,29,3
2,23,52,3,29,3
2,23,52,4,29,3
2,23,52,5,29,3
2,23,52,6,29,3
2,23,52,8,29,3
2,23,52,9,29,3
2,23,52,10,29,3
2,23,52,11,29,3
2,23,52,12,29,3
2,23,57,8,29,3
2,23,57,9,29,3
2,23,57,10,29,3
2,23,57,11,29,3
2,23,57,14,29,3
2,23,57,15,29,3
2,23,57,16,29,3
2,23,57,17,29,3
2,23,57,18,29,3
2,0,2,13,30,3
2,0,2,14,30,3
2,0,2,15,30,3
2,0,2,16,30,3
2,0,2,17,30,3
2,0,2,20,30,3
2,0,2,21,30,3
2,0,2,22,30,3
2,0,2,23,30,3
2,0,7,25,30,3
2,0,7,26,30,3
2,0,7,27,30,3
2,0,7,28,30,3
2,0,7,29,30,3
2,0,12,25,30,3
2,0,12,26,30,3
2,0,12,27,30,3
2,0,12,28,30,3
2,0,12,31,30,3
2,0,12,32,30,3
2,0,12,33,30,3
2,0,12,34,30,3
2,0,17,30,30,3
2,0,17,31,30,3
2,0,17,32,30,3
2,0,17,33,30,3
2,0,17,34,30,3
2,0,17,36,30,3
2,0,17,37,30,3
2,0,17,38,30,3
2,0,17,39,30,3
2,0,17,40,30,3
2,0,22,36,30,3
2,0,22,37,30,3
2,0,22,38,30,3
2,0,22,39,30,3
2,0,22,43,30,3
2,0,22,44,30,3
2,0,22,45,30,3
2,0,22,46,30,3
2,0,27,41,30,3
2,0,27,42,30,3
2,0,27,43,30,3
2,0,27,44,30,3
2,0,27,45,30,3
2,0,27,48,30,3
2,0,27,49,30,3
2,0,27,50,30,3
2,0,27,51,30,3
2,0,32,48,30,3
2,0,32,49,30,3
2,0,32,50,30,3
2,0,32,51,30,3
2,0,32,53,30,3
2,0,32,54,30,3
2,0,32,55,30,3
2,0,32,56,30,3
2,0,32,57,30,3
2,0,37,53,30,3
2,0,37,54,30,3
2,0,37,55,30,3
2,0,37,56,30,3
2,0,37,59,30,3
2,0,38,0,30,3
2,0,38,1,30,3
2,0,38,2,30,3
2,0,42,58,30,3
2,0,42,59,30,3
2,0,43,0,30,3
2,0,43,1,30,3
2,0,43,2,30,3
2,0,43,4,30,3
2,0,43,5,30,3
2,0,43,6,30,3
2,0,43,7,30,3
2,0,43,8,30,3
2,0,48,4,30,3
2,0,48,5,30,3
2,0,48,6,30,3
2,0,48,7,30,3
2,0,48,11,30,3
2,0,48,12,30,3
2,0,48,13,30,3
2,0,48,14,30,3
2,0,53,9,30,3
2,0,53,10,30,3
2,0,53,11,30,3
2,0,53,12,30,3
2,0,53,13,30,3
2,0,53,16,30,3
2,0,53,17,30,3
2,0,53,18,30,3
2,0,53,19,30,3
3,0,58,21,30,3
3,0,58,22,30,3
3,0,58,23,30,3
3,0,58,24,30,3
3,0,58,25,30,3
3,1,3,21,30,3
3,1,3,22,30,3
3,1,3,23,30,3
3,1,3,24,30,3
3,1,3,27,30,3
3,1,3,28,30,3
3,1,3,29,30,3
3,1,3,30,30,3
2,1,8,26,30,3
2,1,8,27,30,3
2,1,8,28,30,3
2,1,8,29,30,3
2,1,8,30,30,3
2,1,8,32,30,3
2,1,8,33,30,3
2,1,8,34,30,3
2,1,8,35,30,3
2,1,8,36,30,3
2,1,13,33,30,3
2,1,13,34,30,3
2,1,13,35,30,3
2,1,13,36,30,3
2,1,13,39,30,3
2,1,13,40,30,3
2,1,13,41,30,3
2,1,13,42,30,3
2,1,18,38,30,3
2,1,18,39,30,3
2,1,18,40,30,3
2,1,18,41,30,3
2,1,18,44,30,3
2,1,18,45,30,3
2,1,18,46,30,3
2,1,18,47,30,3
2,1,23,43,30,3
2,1,23,44,30,3
2,1,23,45,30,3
2,1,23,46,30,3
2,1,23,47,30,3
2,1,23,49,30,3
2,1,23,50,30,3
2,1,23,51,30,3
2,1,23,52,30,3
2,1,23,53,30,3
2,1,28,49,30,3
2,1,28,50,30,3
2,1,28,51,30,3
2,1,28,52,30,3
2,1,28,56,30,3
2,1,28,57,30,3
2,1,28,58,30,3
2,1,28,59,30,3
2,1,33,54,30,3
2,1,33,55,30,3
2,1,33,56,30,3
2,1,33,57,30,3
2,1,33,58,30,3
2,1,34,1,30,3
2,1,34,2,30,3
2,1,34,3,30,3
2,1,34,4,30,3
2,1,39,1,30,3
2,1,39,2,30,3
2,1,39,3,30,3
2,1,39,4,30,3
2,1,39,6,30,3
2,1,39,7,30,3
2,1,39,8,30,3
2,1,39,9,30,3
2,1,39,10,30,3
2,1,44,5,30,3
2,1,44,6,30,3
2,1,44,7,30,3
2,1,44,8,30,3
2,1,44,9,30,3
2,1,44,12,30,3
2,1,44,13,30,3
2,1,44,14,30,3
2,1,44,15,30,3
2,1,49,17,30,3
2,1,49,18,30,3
2,1,49,19,30,3
2,1,49,20,30,3
2,1,49,21,30,3
2,1,54,17,30,3
2,1,54,18,30,3
2,1,54,19,30,3
2,1,54,20,30,3
2,1,54,24,30,3
2,1,54,25,30,3
2,1,54,26,30,3
2,1,54,27,30,3
2,1,59,22,30,3
2,1,59,23,30,3
2,1,59,24,30,3
2,1,59,25,30,3
2,1,59,26,30,3
2,1,59,28,30,3
2,1,59,29,30,3
2,1,59,30,30,3
2,1,59,31,30,3
2,1,59,32,30,3
2,2,4,29,30,3
2,2,4,30,30,3
2,2,4,31,30,3
2,2,4,32,30,3
2,2,4,34,30,3
2,2,4,35,30,3
2,2,4,36,30,3
2,2,4,37,30,3
2,2,4,38,30,3
2,2,9,33,30,3
2,2,9,34,30,3
2,2,9,35,30,3
2,2,9,36,30,3
2,2,9,37,30,3
2,2,9,41,30,3
2,2,9,42,30,3
2,2,9,43,30,3
2,2,9,44,30,3
2,2,14,40,30,3
2,2,14,41,30,3
2,2,14,42,30,3
2,2,14,43,30,3
2,2,14,45,30,3
2,2,14,46,30,3
2,2,14,47,30,3
2,2,14,48,30,3
2,2,14,49,30,3
2,2,19,45,30,3
2,2,19,46,30,3
2,2,19,47,30,3
2,2,19,48,30,3
2,2,19,52,30,3
2,2,19,53,30,3
2,2,19,54,30,3
2,2,19,55,30,3
2,2,24,50,30,3
2,2,24,51,30,3
2,2,24,52,30,3
2,2,24,53,30,3
2,2,24,54,30,3
2,2,24,57,30,3
2,2,24,58,30,3
2,2,24,59,30,3
2,2,25,0,30,3
2,2,29,57,30,3
2,2,29,58,30,3
2,2,29,59,30,3
2,2,30,0,30,3
2,2,30,2,30,3
2,2,30,3,30,3
2,2,30,4,30,3
2,2,30,5,30,3
2,2,30,6,30,3
1,2,35,1,30,3
1,2,35,2,30,3
1,2,35,3,30,3
1,2,35,4,30,3
1,2,35,5,30,3
1,2,35,9,30,3
1,2,35,10,30,3
1,2,35,11,30,3
1,2,35,12,30,3
1,2,40,7,30,3
1,2,40,8,30,3
1,2,40,9,30,3
1,2,40,10,30,3
1,2,40,11,30,3
1,2,40,13,30,3
1,2,40,14,30,3
1,2,40,15,30,3
1,2,40,16,30,3
1,2,40,17,30,3
2,2,45,14,30,3
2,2,45,15,30,3
2,2,45,16,30,3
2,2,45,17,30,3
1,2,45,20,30,3
2,2,45,21,30,3
1,2,45,22,30,3
2,2,45,23,30,3
1,2,50,18,30,3
1,2,50,19,30,3
1,2,50,20,30,3
1,2,50,21,30,3
1,2,50,22,30,3
1,2,50,24,30,3
1,2,50,25,30,3
1,2,50,26,30,3
1,2,50,27,30,3
1,2,50,28,30,3
2,2,55,25,30,3
2,2,55,26,30,3
2,2,55,27,30,3
2,2,55,28,30,3
2,2,55,30,30,3
2,2,55,31,30,3
2,2,55,32,30,3
2,2,55,33,30,3
2,2,55,34,30,3
2,3,0,29,30,3
2,3,0,30,30,3
2,3,0,31,30,3
2,3,0,32,30,3
2,3,0,33,30,3
2,3,0,37,30,3
2,3,0,38,30,3
2,3,0,39,30,3
2,3,0,40,30,3
2,3,5,35,30,3
2,3,5,36,30,3
2,3,5,37,30,3
2,3,5,38,30,3
2,3,5,39,30,3
2,3,5,41,30,3
2,3,5,42,30,3
2,3,5,43,30,3
2,3,5,44,30,3
2,3,5,45,30,3
2,3,10,42,30,3
2,3,10,43,30,3
2,3,10,44,30,3
2,3,10,45,30,3
2,3,10,48,30,3
2,3,10,49,30,3
2,3,10,50,30,3
2,3,10,51,30,3
2,3,15,46,30,3
2,3,15,47,30,3
2,3,15,48,30,3
2,3,15,49,30,3
2,3,15,50,30,3
2,3,15,52,30,3
2,3,15,53,30,3
2,3,15,54,30,3
2,3,15,55,30,3
2,3,15,56,30,3
2,3,20,53,30,3
2,3,20,54,30,3
2,3,20,55,30,3
2,3,20,56,30,3
2,3,20,58,30,3
2,3,20,59,30,3
2,3,21,0,30,3
2,3,21,1,30,3
2,3,21,2,30,3
2,3,25,57,30,3
2,3,25,58,30,3
2,3,25,59,30,3
2,3,26,0,30,3
2,3,26,1,30,3
2,3,26,5,30,3
2,3,26,6,30,3
2,3,26,7,30,3
2,3,26,8,30,3
2,3,31,4,30,3
2,3,31,5,30,3
2,3,31,6,30,3
2,3,31,7,30,3
2,3,31,9,30,3
2,3,31,10,30,3
2,3,31,11,30,3
2,3,31,12,30,3
2,3,31,13,30,3
2,3,36,10,30,3
2,3,36,11,30,3
2,3,36,12,30,3
2,3,36,13,30,3
2,3,36,16,30,3
2,3,36,17,30,3
2,3,36,18,30,3
2,3,36,19,30,3
2,3,41,14,30,3
2,3,41,15,30,3
2,3,41,16,30,3
2,3,41,17,30,3
2,3,41,18,30,3
2,3,41,20,30,3
2,3,41,22,30,3
2,3,41,23,30,3
2,3,41,24,30,3
2,3,41,25,30,3
2,3,46,21,30,3
2,3,46,22,30,3
2,3,46,23,30,3
2,3,46,24,30,3
2,3,46,30,30,3
2,3,51,25,30,3
2,3,51,26,30,3
1,3,51,27,30,3
2,3,51,28,30,3
2,3,51,29,30,3
1,3,51,33,30,3
1,3,51,34,30,3
1,3,51,35,30,3
1,3,51,36,30,3
1,3,56,31,30,3
1,3,56,32,30,3
1,3,56,33,30,3
1,3,56,34,30,3
1,3,56,35,30,3
1,3,56,37,30,3
1,3,56,38,30,3
1,3,56,39,30,3
1,3,56,40,30,3
1,3,56,41,30,3
2,4,1,38,30,3
2,4,1,39,30,3
2,4,1,40,30,3
2,4,1,41,30,3
2,4,1,44,30,3
2,4,1,45,30,3
2,4,1,46,30,3
2,4,1,47,30,3
1,4,6,42,30,3
1,4,6,43,30,3
1,4,6,44,30,3
1,4,6,45,30,3
1,4,6,46,30,3
1,4,6,50,30,3
1,4,6,51,30,3
1,4,6,52,30,3
1,4,6,53,30,3
2,4,11,49,30,3
2,4,11,50,30,3
2,4,11,51,30,3
2,4,11,52,30,3
2,4,11,54,30,3
2,4,11,55,30,3
2,4,11,56,30,3
2,4,11,57,30,3
2,4,11,58,30,3
2,4,16,53,30,3
2,4,16,54,30,3
2,4,16,55,30,3
2,4,16,56,30,3
2,4,16,57,30,3
2,4,17,1,30,3
2,4,17,2,30,3
2,4,17,3,30,3
2,4,17,4,30,3
1,4,22,5,30,3
2,4,22,7,30,3
2,4,22,8,30,3
2,4,22,9,30,3
2,4,22,10,30,3
2,4,27,6,30,3
2,4,27,7,30,3
2,4,27,8,30,3
2,4,27,9,30,3
2,4,27,11,30,3
2,4,27,12,30,3
2,4,27,13,30,3
2,4,27,14,30,3
2,4,27,15,30,3
2,4,32,10,30,3
2,4,32,11,30,3
2,4,32,12,30,3
2,4,32,13,30,3
2,4,32,14,30,3
2,4,32,18,30,3
2,4,32,19,30,3
2,4,32,20,30,3
2,4,32,21,30,3
2,4,37,17,30,3
2,4,37,18,30,3
2,4,37,19,30,3
2,4,37,20,30,3
2,4,37,22,30,3
2,4,37,23,30,3
2,4,37,24,30,3
2,4,37,25,30,3
2,4,37,26,30,3
1,4,42,23,30,3
1,4,42,24,30,3
1,4,42,25,30,3
1,4,42,26,30,3
1,4,42,29,30,3
1,4,42,30,30,3
1,4,42,31,30,3
1,4,42,32,30,3
1,4,47,27,30,3
1,4,47,28,30,3
1,4,47,29,30,3
1,4,47,30,30,3
1,4,47,31,30,3
1,4,47,35,30,3
1,4,47,36,30,3
1,4,47,37,30,3
1,4,47,38,30,3
2,4,52,34,30,3
2,4,52,35,30,3
2,4,52,36,30,3
2,4,52,37,30,3
2,4,52,39,30,3
2,4,52,40,30,3
2,4,52,41,30,3
2,4,52,42,30,3
2,4,52,43,30,3
2,4,57,39,30,3
2,4,57,40,30,3
2,4,57,41,30,3
2,4,57,42,30,3
2,4,57,43,30,3
2,4,57,46,30,3
2,4,57,47,30,3
2,4,57,48,30,3
2,4,57,49,30,3
1,5,2,44,30,3
1,5,2,45,30,3
1,5,2,46,30,3
1,5,2,47,30,3
1,5,2,48,30,3
1,5,2,51,30,3
1,5,2,52,30,3
1,5,2,53,30,3
1,5,2,54,30,3
1,5,2,55,30,3
2,5,7,51,30,3
2,5,7,52,30,3
2,5,7,53,30,3
2,5,7,54,30,3
2,5,7,57,30,3
2,5,7,58,30,3
2,5,7,59,30,3
1,5,12,56,30,3
1,5,12,57,30,3
1,5,12,58,30,3
1,5,12,59,30,3
1,5,13,0,30,3
1,5,13,3,30,3
1,5,13,4,30,3
1,5,13,5,30,3
1,5,13,6,30,3
2,5,18,2,30,3
2,5,18,3,30,3
2,5,18,4,30,3
2,5,18,5,30,3
2,5,18,7,30,3
2,5,18,8,30,3
2,5,18,9,30,3
2,5,18,10,30,3
2,5,18,11,30,3
2,5,23,7,30,3
2,5,23,8,30,3
2,5,23,9,30,3
2,5,23,10,30,3
2,5,23,11,30,3
2,5,23,14,30,3
2,5,23,15,30,3
2,5,23,16,30,3
2,5,23,17,30,3
1,5,28,12,30,3
1,5,28,13,30,3
1,5,28,14,30,3
1,5,28,15,30,3
1,5,28,16,30,3
1,5,28,19,30,3
1,5,28,20,30,3
1,5,28,21,30,3
1,5,28,22,30,3
1,5,28,23,30,3
2,5,33,19,30,3
2,5,33,20,30,3
2,5,33,21,30,3
2,5,33,22,30,3
2,5,33,24,30,3
2,5,33,25,30,3
2,5,33,26,30,3
2,5,33,27,30,3
2,5,33,28,30,3
2,5,38,24,30,3
2,5,38,25,30,3
2,5,38,26,30,3
2,5,38,27,30,3
2,5,38,28,30,3
2,5,38,31,30,3
2,5,38,32,30,3
2,5,38,33,30,3
2,5,38,34,30,3
1,5,43,30,30,3
1,5,43,31,30,3
1,5,43,32,30,3
1,5,43,33,30,3
1,5,43,36,30,3
1,5,43,37,30,3
1,5,43,38,30,3
1,5,43,39,30,3
1,5,43,40,30,3
1,5,48,36,30,3
1,5,48,37,30,3
1,5,48,38,30,3
1,5,48,39,30,3
1,5,48,42,30,3
1,5,48,43,30,3
1,5,48,44,30,3
1,5,48,45,30,3
1,5,53,40,30,3
1,5,53,41,30,3
1,5,53,42,30,3
1,5,53,43,30,3
1,5,53,44,30,3
1,5,53,48,30,3
1,5,53,49,30,3
1,5,53,50,30,3
1,5,53,51,30,3
1,5,58,47,30,3
1,5,58,48,30,3
1,5,58,49,30,3
1,5,58,50,30,3
1,5,58,52,30,3
1,5,58,53,30,3
1,5,58,54,30,3
1,5,58,55,30,3
1,5,58,56,30,3
1,6,3,52,30,3
1,6,3,53,30,3
1,6,3,54,30,3
1,6,3,55,30,3
1,6,3,56,30,3
1,6,3,59,30,3
1,6,4,0,30,3
1,6,4,1,30,3
1,6,4,2,30,3
1,6,8,58,30,3
1,6,8,59,30,3
1,6,9,0,30,3
1,6,9,4,30,3
1,6,9,5,30,3
1,6,9,6,30,3
1,6,9,7,30,3
1,6,9,8,30,3
1,6,14,4,30,3
1,6,14,5,30,3
1,6,14,6,30,3
1,6,14,7,30,3
1,6,14,10,30,3
1,6,14,11,30,3
1,6,14,12,30,3
1,6,14,13,30,3
1,6,19,9,30,3
2,6,19,10,30,3
2,6,19,11,30,3
1,6,19,12,30,3
1,6,19,13,30,3
1,6,19,16,30,3
2,6,19,17,30,3
2,6,19,18,30,3
2,6,19,19,30,3
2,6,24,15,30,3
2,6,24,16,30,3
2,6,24,17,30,3
2,6,24,18,30,3
2,6,24,21,30,3
2,6,24,22,30,3
2,6,24,23,30,3
2,6,24,24,30,3
2,6,24,25,30,3
1,6,29,20,30,3
1,6,29,21,30,3
1,6,29,22,30,3
1,6,29,23,30,3
1,6,29,24,30,3
1,6,29,27,30,3
1,6,29,28,30,3
1,6,29,29,30,3
1,6,29,30,30,3
1,6,34,25,30,3
1,6,34,26,30,3
1,6,34,27,30,3
1,6,34,28,30,3
1,6,34,29,30,3
1,6,34,32,30,3
1,6,34,33,30,3
1,6,34,34,30,3
1,6,34,35,30,3
1,6,34,36,30,3
1,6,39,32,30,3
1,6,39,33,30,3
1,6,39,34,30,3
1,6,39,35,30,3
1,6,39,40,30,3
1,6,39,41,30,3
1,6,44,37,30,3
1,6,44,38,30,3
1,6,44,39,30,3
1,6,44,40,30,3
1,6,44,41,30,3
1,6,44,44,30,3
1,6,44,45,30,3
1,6,44,46,30,3
1,6,44,47,30,3
1,6,49,43,30,3
1,6,49,44,30,3
1,6,49,45,30,3
1,6,49,46,30,3
1,6,49,49,30,3
1,6,49,50,30,3
1,6,49,51,30,3
1,6,49,52,30,3
1,6,49,53,30,3
1,6,54,49,30,3
1,6,54,50,30,3
1,6,54,51,30,3
1,6,54,52,30,3
1,6,54,55,30,3
1,6,54,56,30,3
1,6,54,57,30,3
1,6,54,58,30,3
1,6,59,53,30,3
1,6,59,54,30,3
1,6,59,55,30,3
1,6,59,56,30,3
1,6,59,57,30,3
1,7,0,0,30,3
1,7,0,1,30,3
1,7,0,2,30,3
1,7,0,3,30,3
1,7,0,4,30,3
1,7,5,0,30,3
1,7,5,1,30,3
1,7,5,2,30,3
1,7,5,3,30,3
1,7,5,5,30,3
1,7,5,7,30,3
1,7,5,8,30,3
1,7,5,9,30,3
1,7,5,10,30,3
2,7,10,5,30,3
2,7,10,6,30,3
2,7,10,7,30,3
2,7,10,8,30,3
2,7,10,9,30,3
2,7,10,12,30,3
2,7,10,13,30,3
2,7,10,14,30,3
2,7,10,15,30,3
2,7,15,11,30,3
2,7,15,12,30,3
2,7,15,13,30,3
2,7,15,14,30,3
2,7,15,17,30,3
2,7,15,18,30,3
2,7,15,19,30,3
2,7,15,20,30,3
2,7,15,21,30,3
2,7,20,16,30,3
2,7,20,17,30,3
2,7,20,18,30,3
2,7,20,19,30,3
2,7,20,20,30,3
2,7,25,26,30,3
2,7,25,29,30,3
2,7,25,30,30,3
2,7,25,31,30,3
2,7,25,32,30,3
2,7,30,28,30,3
2,7,30,29,30,3
1,7,30,30,30,3
2,7,30,31,30,3
1,7,30,34,30,3
1,7,30,35,30,3
1,7,30,36,30,3
2,7,30,37,30,3
2,7,30,38,30,3
2,7,35,33,30,3
2,7,35,34,30,3
2,7,35,35,30,3
2,7,35,36,30,3
1,7,35,37,30,3
1,7,35,40,30,3
1,7,35,41,30,3
1,7,35,42,30,3
1,7,35,43,30,3
1,7,40,39,30,3
1,7,40,40,30,3
1,7,40,41,30,3
2,7,40,42,30,3
1,7,40,45,30,3
1,7,40,46,30,3
1,7,40,47,30,3
1,7,40,48,30,3
1,7,40,49,30,3
2,7,45,44,30,3
2,7,45,45,30,3
2,7,45,46,30,3
2,7,45,47,30,3
2,7,45,48,30,3
2,7,45,55,30,3
1,7,50,50,30,3
1,7,50,51,30,3
1,7,50,52,30,3
1,7,50,54,30,3
1,7,50,57,30,3
1,7,50,58,30,3
1,7,50,59,30,3
1,7,51,0,30,3
2,7,55,56,30,3
2,7,55,57,30,3
2,7,55,58,30,3
2,7,55,59,30,3
2,7,56,2,30,3
2,7,56,3,30,3
2,7,56,4,30,3
2,7,56,5,30,3
2,7,56,6,30,3
2,8,1,1,30,3
2,8,1,2,30,3
2,8,1,3,30,3
2,8,1,4,30,3
2,8,1,5,30,3
2,8,1,8,30,3
2,8,1,9,30,3
2,8,1,10,30,3
2,8,1,11,30,3
2,8,6,7,30,3
2,8,6,8,30,3
2,8,6,9,30,3
2,8,6,10,30,3
2,8,6,14,30,3
2,8,6,15,30,3
2,8,6,16,30,3
2,8,6,17,30,3
2,8,11,12,30,3
2,8,11,13,30,3
2,8,11,14,30,3
2,8,11,15,30,3
2,8,11,16,30,3
2,8,11,19,30,3
2,8,11,20,30,3
2,8,11,21,30,3
2,8,11,22,30,3
2,8,11,23,30,3
2,8,16,19,30,3
2,8,16,20,30,3
2,8,16,21,30,3
2,8,16,22,30,3
2,8,16,25,30,3
2,8,16,26,30,3
2,8,16,27,30,3
2,8,16,28,30,3
2,8,21,24,30,3
2,8,21,25,30,3
2,8,21,26,30,3
2,8,21,27,30,3
2,8,21,30,30,3
2,8,21,31,30,3
2,8,21,32,30,3
2,8,21,33,30,3
2,8,21,34,30,3
2,8,26,29,30,3
2,8,26,30,30,3
2,8,26,31,30,3
2,8,26,32,30,3
2,8,26,33,30,3
2,8,26,37,30,3
2,8,26,38,30,3
2,8,26,39,30,3
2,8,26,40,30,3
2,8,31,35,30,3
2,8,31,36,30,3
2,8,31,37,30,3
2,8,31,38,30,3
2,8,31,42,30,3
2,8,31,43,30,3
2,8,31,44,30,3
2,8,31,45,30,3
2,8,36,40,30,3
2,8,36,41,30,3
2,8,36,42,30,3
2,8,36,43,30,3
2,8,36,44,30,3
2,8,36,47,30,3
2,8,36,48,30,3
2,8,36,49,30,3
2,8,36,50,30,3
2,8,36,51,30,3
2,8,41,46,30,3
2,8,41,47,30,3
2,8,41,48,30,3
2,8,41,49,30,3
2,8,41,50,30,3
2,8,41,53,30,3
2,8,41,54,30,3
2,8,41,55,30,3
2,8,41,56,30,3
2,8,46,52,30,3
2,8,46,53,30,3
2,8,46,54,30,3
2,8,46,55,30,3
2,8,46,58,30,3
2,8,46,59,30,3
2,8,47,0,30,3
2,8,47,1,30,3
2,8,47,2,30,3
2,8,51,57,30,3
2,8,51,58,30,3
2,8,51,59,30,3
2,8,52,0,30,3
2,8,52,1,30,3
2,8,52,8,30,3
2,8,57,3,30,3
2,8,57,4,30,3
2,8,57,5,30,3
2,8,57,7,30,3
2,8,57,10,30,3
2,8,57,11,30,3
2,8,57,12,30,3
2,8,57,13,30,3
2,9,2,8,30,3
2,9,2,9,30,3
2,9,2,10,30,3
2,9,2,11,30,3
2,9,2,12,30,3
2,9,2,15,30,3
2,9,2,16,30,3
2,9,2,17,30,3
2,9,2,18,30,3
2,9,2,19,30,3
3,9,7,17,30,3
3,9,7,18,30,3
3,9,7,22,30,3
3,9,7,23,30,3
3,9,7,24,30,3
3,9,7,25,30,3
3,9,12,20,30,3
3,9,12,21,30,3
3,9,12,22,30,3
3,9,12,23,30,3
3,9,12,26,30,3
3,9,12,27,30,3
3,9,12,28,30,3
3,9,12,29,30,3
3,9,12,30,30,3
2,9,17,25,30,3
2,9,17,26,30,3
2,9,17,27,30,3
2,9,17,28,30,3
2,9,17,29,30,3
2,9,17,32,30,3
2,9,17,33,30,3
2,9,17,34,30,3
2,9,17,35,30,3
2,9,17,36,30,3
2,9,22,32,30,3
2,9,22,33,30,3
2,9,22,34,30,3
2,9,22,35,30,3
2,9,22,38,30,3
2,9,22,39,30,3
2,9,22,40,30,3
2,9,22,41,30,3
2,9,27,36,30,3
2,9,27,37,30,3
2,9,27,38,30,3
2,9,27,39,30,3
2,9,27,40,30,3
2,9,27,43,30,3
2,9,27,44,30,3
2,9,27,45,30,3
2,9,27,46,30,3
2,9,27,47,30,3
2,9,32,43,30,3
2,9,32,50,30,3
2,9,32,51,30,3
2,9,32,52,30,3
2,9,32,53,30,3
2,9,37,48,30,3
2,9,37,49,30,3
2,9,37,50,30,3
2,9,37,51,30,3
2,9,37,54,30,3
2,9,37,55,30,3
2,9,37,56,30,3
2,9,37,57,30,3
2,9,37,58,30,3
2,9,42,53,30,3
2,9,42,54,30,3
2,9,42,55,30,3
2,9,42,56,30,3
2,9,42,57,30,3
2,9,47,59,30,3
2,9,48,0,30,3
2,9,48,1,30,3
2,9,48,2,30,3
2,9,48,6,30,3
2,9,48,7,30,3
2,9,48,8,30,3
2,9,48,9,30,3
2,9,53,4,30,3
2,9,53,5,30,3
2,9,53,6,30,3
2,9,53,7,30,3
2,9,53,8,30,3
2,9,53,11,30,3
2,9,53,12,30,3
2,9,53,13,30,3
2,9,53,14,30,3
2,9,53,15,30,3
2,9,58,11,30,3
2,9,58,12,30,3
2,9,58,13,30,3
2,9,58,14,30,3
2,9,58,18,30,3
2,9,58,19,30,3
2,9,58,20,30,3
2,9,58,21,30,3
2,10,3,15,30,3
2,10,3,16,30,3
2,10,3,17,30,3
2,10,3,18,30,3
2,10,3,19,30,3
2,10,3,22,30,3
2,10,3,23,30,3
2,10,3,24,30,3
2,10,3,25,30,3
2,10,3,26,30,3
2,10,8,23,30,3
2,10,8,24,30,3
2,10,8,25,30,3
2,10,8,29,30,3
2,10,8,30,30,3
2,10,8,31,30,3
2,10,8,32,30,3
2,10,13,27,30,3
2,10,13,28,30,3
2,10,13,29,30,3
2,10,13,30,30,3
2,10,13,33,30,3
2,10,13,34,30,3
2,10,13,35,30,3
2,10,13,36,30,3
2,10,13,37,30,3
2,10,18,32,30,3
2,10,18,33,30,3
2,10,18,34,30,3
2,10,18,35,30,3
2,10,18,36,30,3
2,10,23,39,30,3
2,10,23,40,30,3
2,10,23,41,30,3
2,10,23,42,30,3
2,10,23,45,30,3
2,10,23,46,30,3
2,10,23,47,30,3
2,10,23,48,30,3
2,10,28,43,30,3
2,10,28,44,30,3
2,10,28,45,30,3
2,10,28,46,30,3
2,10,28,47,30,3
2,10,28,50,30,3
2,10,28,51,30,3
2,10,28,52,30,3
2,10,28,53,30,3
2,10,28,54,30,3
2,10,33,49,30,3
2,10,33,50,30,3
2,10,33,51,30,3
2,10,33,52,30,3
2,10,33,53,30,3
2,10,33,57,30,3
2,10,33,58,30,3
2,10,33,59,30,3
2,10,34,0,30,3
2,10,38,56,30,3
2,10,38,57,30,3
2,10,38,58,30,3
2,10,38,59,30,3
2,10,39,1,30,3
2,10,39,2,30,3
2,10,39,3,30,3
2,10,39,4,30,3
2,10,39,5,30,3
3,10,44,0,30,3
3,10,44,1,30,3
3,10,44,2,30,3
3,10,44,3,30,3
3,10,44,4,30,3
3,10,44,8,30,3
3,10,44,9,30,3
3,10,44,10,30,3
3,10,44,11,30,3
3,10,49,7,30,3
3,10,49,8,30,3
3,10,49,9,30,3
3,10,49,10,30,3
3,10,49,13,30,3
3,10,49,14,30,3
2,10,49,15,30,3
2,10,49,17,30,3
3,10,54,12,30,3
3,10,54,13,30,3
3,10,54,14,30,3
3,10,54,15,30,3
3,10,54,18,30,3
3,10,54,19,30,3
3,10,54,20,30,3
3,10,54,21,30,3
3,10,54,22,30,3
3,10,59,17,30,3
3,10,59,18,30,3
3,10,59,19,30,3
3,10,59,20,30,3
3,10,59,21,30,3
3,10,59,25,30,3
3,10,59,26,30,3
3,10,59,27,30,3
3,10,59,28,30,3
3,11,4,24,30,3
3,11,4,25,30,3
3,11,4,26,30,3
3,11,4,27,30,3
3,11,4,29,30,3
3,11,4,30,30,3
3,11,4,31,30,3
3,11,4,32,30,3
3,11,4,33,30,3
3,11,9,28,30,3
3,11,9,29,30,3
3,11,9,30,30,3
3,11,9,31,30,3
3,11,9,32,30,3
3,11,9,36,30,3
3,11,9,37,30,3
3,11,9,38,30,3
3,11,14,35,30,3
3,11,14,36,30,3
3,11,14,37,30,3
3,11,14,38,30,3
3,11,14,42,30,3
3,11,14,43,30,3
3,11,14,44,30,3
3,11,14,45,30,3
3,11,19,39,30,3
3,11,19,40,30,3
3,11,19,41,30,3
3,11,19,42,30,3
3,11,19,43,30,3
3,11,19,46,30,3
3,11,19,47,30,3
3,11,19,48,30,3
3,11,19,49,30,3
3,11,19,50,30,3
3,11,24,45,30,3
3,11,24,46,30,3
3,11,24,47,30,3
3,11,24,48,30,3
3,11,24,49,30,3
3,11,24,53,30,3
3,11,24,54,30,3
3,11,24,55,30,3
3,11,24,56,30,3
2,11,29,52,30,3
2,11,29,53,30,3
2,11,29,54,30,3
2,11,29,55,30,3
2,11,29,57,30,3
2,11,29,58,30,3
2,11,29,59,30,3
2,11,30,0,30,3
2,11,30,1,30,3
2,11,34,56,30,3
2,11,34,57,30,3
2,11,34,58,30,3
2,11,34,59,30,3
2,11,35,0,30,3
2,11,35,3,30,3
2,11,35,4,30,3
2,11,35,5,30,3
2,11,35,6,30,3
2,11,35,7,30,3
2,11,40,3,30,3
2,11,40,4,30,3
2,11,40,5,30,3
2,11,40,6,30,3
2,11,40,10,30,3
2,11,40,11,30,3
2,11,40,12,30,3
2,11,40,13,30,3
2,11,45,9,30,3
2,11,45,10,30,3
2,11,45,11,30,3
2,11,45,12,30,3
2,11,45,14,30,3
2,11,45,15,30,3
2,11,45,16,30,3
2,11,45,17,30,3
2,11,45,18,30,3
2,11,50,13,30,3
2,11,50,14,30,3
2,11,50,15,30,3
2,11,50,16,30,3
2,11,50,17,30,3
2,11,50,21,30,3
2,11,50,22,30,3
2,11,50,23,30,3
2,11,50,24,30,3
2,11,55,20,30,3
2,11,55,21,30,3
2,11,55,22,30,3
2,11,55,23,30,3
2,11,55,27,30,3
2,11,55,28,30,3
2,11,55,29,30,3
2,11,55,30,30,3
2,12,0,24,30,3
2,12,0,25,30,3
2,12,0,26,30,3
2,12,0,27,30,3
2,12,0,28,30,3
2,12,0,31,30,3
2,12,0,32,30,3
2,12,0,33,30,3
2,12,0,34,30,3
2,12,0,35,30,3
2,12,5,30,30,3
2,12,5,31,30,3
2,12,5,32,30,3
2,12,5,33,30,3
2,12,5,34,30,3
2,12,5,38,30,3
2,12,5,39,30,3
2,12,5,40,30,3
2,12,5,41,30,3
2,12,10,37,30,3
2,12,10,38,30,3
2,12,10,39,30,3
2,12,10,40,30,3
2,12,10,43,30,3
2,12,10,44,30,3
2,12,10,45,30,3
2,12,10,46,30,3
2,12,10,47,30,3
2,12,15,41,30,3
2,12,15,42,30,3
2,12,15,43,30,3
2,12,15,44,30,3
2,12,15,45,30,3
2,12,20,48,30,3
2,12,20,49,30,3
2,12,20,50,30,3
2,12,20,51,30,3
2,12,20,55,30,3
2,12,20,56,30,3
2,12,20,57,30,3
2,12,20,58,30,3
2,12,25,52,30,3
2,12,25,53,30,3
2,12,25,54,30,3
2,12,25,55,30,3
2,12,25,56,30,3
2,12,25,59,30,3
2,12,26,0,30,3
2,12,26,1,30,3
2,12,26,2,30,3
2,12,26,3,30,3
2,12,31,6,30,3
2,12,31,7,30,3
2,12,31,8,30,3
2,12,31,9,30,3
1,12,36,5,30,3
1,12,36,6,30,3
1,12,36,7,30,3
1,12,36,8,30,3
2,12,36,11,30,3
2,12,36,12,30,3
2,12,36,13,30,3
1,12,36,14,30,3
2,12,36,15,30,3
2,12,41,9,30,3
2,12,41,10,30,3
2,12,41,11,30,3
2,12,41,12,30,3
2,12,41,13,30,3
2,12,41,16,30,3
2,12,41,17,30,3
2,12,41,18,30,3
2,12,41,19,30,3
2,12,41,20,30,3
1,12,46,16,30,3
1,12,46,17,30,3
1,12,46,18,30,3
1,12,46,19,30,3
1,12,46,23,30,3
1,12,46,24,30,3
1,12,46,25,30,3
1,12,46,26,30,3
2,12,51,22,30,3
2,12,51,23,30,3
2,12,51,24,30,3
2,12,51,25,30,3
2,12,51,27,30,3
2,12,51,28,30,3
2,12,51,29,30,3
2,12,51,30,30,3
2,12,51,31,30,3
1,12,56,26,30,3
1,12,56,27,30,3
1,12,56,28,30,3
1,12,56,29,30,3
1,12,56,30,30,3
1,12,56,34,30,3
1,12,56,35,30,3
1,12,56,36,30,3
1,12,56,37,30,3
1,13,1,33,30,3
2,13,1,34,30,3
2,13,1,35,30,3
2,13,1,36,30,3
2,13,1,39,30,3
2,13,1,40,30,3
2,13,1,41,30,3
2,13,1,42,30,3
2,13,1,43,30,3
1,13,6,37,30,3
1,13,6,38,30,3
1,13,6,39,30,3
1,13,6,40,30,3
1,13,6,42,30,3
1,13,6,44,30,3
1,13,6,45,30,3
1,13,6,46,30,3
1,13,6,47,30,3
2,13,6,48,30,3
2,13,11,44,30,3
2,13,11,45,30,3
2,13,11,46,30,3
2,13,11,47,30,3
2,13,11,51,30,3
2,13,11,52,30,3
2,13,11,53,30,3
2,13,11,54,30,3
2,13,16,50,30,3
2,13,16,51,30,3
2,13,16,52,30,3
2,13,16,53,30,3
2,13,16,55,30,3
2,13,16,56,30,3
2,13,16,57,30,3
2,13,16,58,30,3
2,13,16,59,30,3
2,13,21,54,30,3
2,13,21,55,30,3
2,13,21,56,30,3
2,13,21,57,30,3
2,13,21,58,30,3
2,13,22,2,30,3
2,13,22,3,30,3
2,13,22,4,30,3
2,13,22,5,30,3
2,13,27,1,30,3
2,13,27,2,30,3
2,13,27,3,30,3
2,13,27,4,30,3
2,13,27,7,30,3
2,13,27,8,30,3
2,13,27,9,30,3
2,13,27,10,30,3
2,13,27,11,30,3
2,13,32,6,30,3
2,13,32,7,30,3
2,13,32,8,30,3
2,13,32,9,30,3
2,13,32,10,30,3
2,13,32,12,30,3
2,13,32,13,30,3
2,13,32,14,30,3
2,13,32,15,30,3
2,13,32,16,30,3
2,13,37,19,30,3
2,13,37,20,30,3
2,13,37,21,30,3
2,13,37,22,30,3
2,13,42,18,30,3
2,13,42,19,30,3
2,13,42,20,30,3
2,13,42,21,30,3
2,13,42,23,30,3
2,13,42,24,30,3
2,13,42,25,30,3
2,13,42,26,30,3
2,13,42,27,30,3
2,13,47,22,30,3
2,13,47,24,30,3
2,13,47,25,30,3
2,13,47,26,30,3
2,13,47,27,30,3
2,13,47,30,30,3
2,13,47,31,30,3
2,13,47,32,30,3
2,13,47,33,30,3
2,13,52,29,30,3
2,13,52,30,30,3
2,13,52,31,30,3
2,13,52,32,30,3
2,13,52,35,30,3
2,13,52,36,30,3
2,13,52,37,30,3
2,13,52,38,30,3
2,13,52,39,30,3
