4,5,28,10,29,3
4,5,28,11,29,3
4,5,28,12,29,3
4,5,28,13,29,3
4,5,33,19,29,3
4,5,33,20,29,3
4,5,33,21,29,3
4,5,33,22,29,3
4,5,38,23,29,3
4,5,38,24,29,3
4,5,38,25,29,3
4,5,38,26,29,3
4,5,38,27,29,3
4,5,43,30,29,3
4,5,43,31,29,3
4,5,43,32,29,3
4,5,43,33,29,3
4,5,48,35,29,3
4,5,48,36,29,3
4,5,48,37,29,3
4,5,48,38,29,3
4,5,53,40,29,3
4,5,53,41,29,3
4,5,53,42,29,3
4,5,53,43,29,3
4,5,53,44,29,3
4,5,58,47,29,3
4,5,58,48,29,3
4,5,58,49,29,3
4,5,58,50,29,3
4,6,3,51,29,3
4,6,3,52,29,3
4,6,3,53,29,3
4,6,3,54,29,3
4,6,3,55,29,3
4,6,8,58,29,3
4,6,8,59,29,3
4,6,9,0,29,3
4,6,9,1,29,3
3,6,14,2,29,3
3,6,14,3,29,3
3,6,14,4,29,3
3,6,14,5,29,3
3,6,14,6,29,3
4,6,19,10,29,3
4,6,19,11,29,3
4,6,19,12,29,3
4,6,24,15,29,3
4,6,24,16,29,3
4,6,24,17,29,3
4,6,24,18,29,3
3,6,29,19,29,3
3,6,29,20,29,3
3,6,29,21,29,3
3,6,29,22,29,3
3,6,29,23,29,3
4,6,34,26,29,3
4,6,34,27,29,3
4,6,34,28,29,3
4,6,34,29,29,3
4,6,39,30,29,3
4,6,39,31,29,3
4,6,39,32,29,3
4,6,39,33,29,3
4,6,39,34,29,3
3,6,44,37,29,3
3,6,44,38,29,3
3,6,44,39,29,3
3,6,44,40,29,3
3,6,49,42,29,3
3,6,49,43,29,3
3,6,49,44,29,3
3,6,49,45,29,3
3,6,49,46,29,3
3,6,54,47,29,3
3,6,54,48,29,3
3,6,54,49,29,3
3,6,54,50,29,3
3,6,54,51,29,3
3,6,59,54,29,3
3,6,59,55,29,3
3,6,59,56,29,3
3,6,59,57,29,3
3,7,4,58,29,3
3,7,4,59,29,3
3,7,5,0,29,3
3,7,5,1,29,3
3,7,5,2,29,3
3,7,10,5,29,3
3,7,10,6,29,3
3,7,10,7,29,3
3,7,10,8,29,3
3,7,15,11,29,3
3,7,15,12,29,3
3,7,15,13,29,3
3,7,15,14,29,3
3,7,20,15,29,3
3,7,20,16,29,3
3,7,20,17,29,3
3,7,20,18,29,3
3,7,20,19,29,3
3,7,25,22,29,3
3,7,25,23,29,3
3,7,25,24,29,3
3,7,25,25,29,3
3,7,30,27,29,3
3,7,30,28,29,3
3,7,30,29,29,3
3,7,30,30,29,3
3,7,30,31,29,3
3,7,35,36,29,3
3,7,40,39,29,3
3,7,40,40,29,3
3,7,40,41,29,3
3,7,40,42,29,3
3,7,45,43,29,3
3,7,45,44,29,3
3,7,45,45,29,3
3,7,45,46,29,3
3,7,45,47,29,3
3,7,50,50,29,3
3,7,50,51,29,3
3,7,50,52,29,3
3,7,50,53,29,3
3,7,55,55,29,3
3,7,55,56,29,3
3,7,55,57,29,3
3,7,55,58,29,3
3,7,55,59,29,3
4,8,1,0,29,3
4,8,1,1,29,3
4,8,1,2,29,3
4,8,1,3,29,3
4,8,1,4,29,3
3,8,6,7,29,3
3,8,6,8,29,3
3,8,6,9,29,3
3,8,6,10,29,3
3,8,11,11,29,3
3,8,11,12,29,3
3,8,11,13,29,3
3,8,11,15,29,3
3,8,11,16,29,3
3,8,16,18,29,3
3,8,16,19,29,3
3,8,16,20,29,3
3,8,16,21,29,3
4,8,21,23,29,3
4,8,21,24,29,3
4,8,21,25,29,3
4,8,21,26,29,3
4,8,21,27,29,3
4,8,26,28,29,3
4,8,26,29,29,3
4,8,26,30,29,3
4,8,26,31,29,3
4,8,26,32,29,3
4,8,31,35,29,3
4,8,31,36,29,3
4,8,31,37,29,3
4,8,31,38,29,3
4,8,36,40,29,3
4,8,36,41,29,3
4,8,36,42,29,3
4,8,36,43,29,3
4,8,36,44,29,3
4,8,41,46,29,3
4,8,41,47,29,3
4,8,41,48,29,3
4,8,46,52,29,3
4,8,46,53,29,3
4,8,46,54,29,3
4,8,46,55,29,3
4,8,51,57,29,3
4,8,51,58,29,3
4,8,51,59,29,3
4,8,52,0,29,3
4,8,52,1,29,3
4,8,57,3,29,3
4,8,57,4,29,3
4,8,57,5,29,3
4,8,57,6,29,3
4,9,2,9,29,3
4,9,2,10,29,3
4,9,2,11,29,3
4,9,2,12,29,3
4,9,7,13,29,3
4,9,7,14,29,3
4,9,7,16,29,3
4,9,7,17,29,3
4,9,7,18,29,3
4,9,12,20,29,3
4,9,12,21,29,3
4,9,12,22,29,3
4,9,12,23,29,3
4,9,17,25,29,3
4,9,17,26,29,3
4,9,17,27,29,3
4,9,17,28,29,3
4,9,17,29,29,3
4,9,22,31,29,3
4,9,22,32,29,3
4,9,22,33,29,3
4,9,22,34,29,3
4,9,27,37,29,3
4,9,27,38,29,3
4,9,27,39,29,3
4,9,27,40,29,3
3,9,32,41,29,3
3,9,32,42,29,3
3,9,32,43,29,3
3,9,32,44,29,3
3,9,32,45,29,3
4,9,37,48,29,3
4,9,37,49,29,3
4,9,37,50,29,3
4,9,37,51,29,3
4,9,42,53,29,3
4,9,42,54,29,3
4,9,42,55,29,3
4,9,42,56,29,3
4,9,42,57,29,3
4,9,47,59,29,3
4,9,48,0,29,3
4,9,48,1,29,3
4,9,48,2,29,3
4,9,53,5,29,3
4,9,53,6,29,3
4,9,53,7,29,3
4,9,53,8,29,3
4,9,58,10,29,3
4,9,58,11,29,3
4,9,58,12,29,3
4,9,58,13,29,3
4,9,58,14,29,3
4,10,3,16,29,3
4,10,3,17,29,3
4,10,3,18,29,3
4,10,3,19,29,3
4,10,8,21,29,3
4,10,8,22,29,3
4,10,8,23,29,3
4,10,8,24,29,3
4,10,8,25,29,3
4,10,13,26,29,3
4,10,13,27,29,3
4,10,13,28,29,3
4,10,13,30,29,3
4,10,13,31,29,3
4,10,18,33,29,3
4,10,18,34,29,3
4,10,18,35,29,3
4,10,18,36,29,3
4,10,23,38,29,3
4,10,23,39,29,3
4,10,23,40,29,3
4,10,23,41,29,3
4,10,23,42,29,3
4,10,28,44,29,3
4,10,28,45,29,3
4,10,28,46,29,3
4,10,28,47,29,3
4,10,33,49,29,3
4,10,33,50,29,3
4,10,33,51,29,3
4,10,33,52,29,3
4,10,33,53,29,3
4,10,38,55,29,3
4,10,38,56,29,3
4,10,38,57,29,3
4,10,38,59,29,3
4,10,44,1,29,3
4,10,44,2,29,3
4,10,44,3,29,3
4,10,44,4,29,3
5,10,49,6,29,3
5,10,49,7,29,3
5,10,49,8,29,3
5,10,49,9,29,3
5,10,49,10,29,3
4,10,54,12,29,3
4,10,54,13,29,3
4,10,54,14,29,3
4,10,54,15,29,3
5,10,59,17,29,3
5,10,59,18,29,3
5,10,59,19,29,3
5,10,59,20,29,3
5,10,59,21,29,3
5,11,4,24,29,3
5,11,4,25,29,3
5,11,4,26,29,3
5,11,4,27,29,3
5,11,9,29,29,3
5,11,9,30,29,3
5,11,9,31,29,3
5,11,9,32,29,3
5,11,14,34,29,3
5,11,14,35,29,3
5,11,14,36,29,3
5,11,14,37,29,3
5,11,14,38,29,3
5,11,19,40,29,3
5,11,19,41,29,3
5,11,19,42,29,3
5,11,19,43,29,3
5,11,24,45,29,3
5,11,24,46,29,3
5,11,24,47,29,3
5,11,24,48,29,3
5,11,24,49,29,3
5,11,29,52,29,3
5,11,29,53,29,3
5,11,29,54,29,3
5,11,29,55,29,3
5,11,34,57,29,3
5,11,34,58,29,3
5,11,34,59,29,3
5,11,35,0,29,3
5,11,40,2,29,3
5,11,40,3,29,3
5,11,40,4,29,3
5,11,40,5,29,3
5,11,40,6,29,3
5,11,45,8,29,3
5,11,45,9,29,3
5,11,45,10,29,3
5,11,45,12,29,3
5,11,50,14,29,3
5,11,50,15,29,3
5,11,50,16,29,3
5,11,50,17,29,3
5,11,55,19,29,3
5,11,55,20,29,3
5,11,55,21,29,3
5,11,55,22,29,3
5,11,55,23,29,3
5,12,0,25,29,3
5,12,0,26,29,3
5,12,0,27,29,3
5,12,0,28,29,3
5,12,5,30,29,3
5,12,5,31,29,3
5,12,5,32,29,3
5,12,5,33,29,3
5,12,5,34,29,3
5,12,10,37,29,3
5,12,10,38,29,3
5,12,10,39,29,3
5,12,10,40,29,3
5,12,15,41,29,3
5,12,15,42,29,3
5,12,15,43,29,3
5,12,15,44,29,3
5,12,15,45,29,3
5,12,20,47,29,3
5,12,20,48,29,3
5,12,20,49,29,3
5,12,20,50,29,3
5,12,20,51,29,3
5,12,25,53,29,3
5,12,25,54,29,3
5,12,25,55,29,3
5,12,25,56,29,3
5,12,30,58,29,3
5,12,30,59,29,3
5,12,31,0,29,3
5,12,31,1,29,3
5,12,31,2,29,3
5,12,36,5,29,3
5,12,36,6,29,3
5,12,36,7,29,3
5,12,36,8,29,3
5,12,41,9,29,3
5,12,41,10,29,3
5,12,41,11,29,3
5,12,41,12,29,3
5,12,41,13,29,3
5,12,46,15,29,3
5,12,46,16,29,3
5,12,46,17,29,3
5,12,46,18,29,3
5,12,46,19,29,3
5,12,51,22,29,3
5,12,51,23,29,3
5,12,51,24,29,3
5,12,51,25,29,3
5,12,56,26,29,3
5,12,56,27,29,3
5,12,56,28,29,3
5,12,56,29,29,3
5,12,56,30,29,3
5,13,1,32,29,3
5,13,1,33,29,3
5,13,1,34,29,3
5,13,1,35,29,3
5,13,1,36,29,3
5,13,6,38,29,3
5,13,6,39,29,3
5,13,6,40,29,3
5,13,6,41,29,3
5,13,11,43,29,3
5,13,11,44,29,3
5,13,11,45,29,3
5,13,11,46,29,3
5,13,11,47,29,3
5,13,16,50,29,3
5,13,16,51,29,3
5,13,16,52,29,3
5,13,16,53,29,3
5,13,21,54,29,3
5,13,21,55,29,3
5,13,21,56,29,3
5,13,21,57,29,3
5,13,21,58,29,3
5,13,27,0,29,3
5,13,27,1,29,3
5,13,27,2,29,3
5,13,27,3,29,3
5,13,27,4,29,3
6,13,32,7,29,3
6,13,32,8,29,3
6,13,32,9,29,3
6,13,32,10,29,3
5,13,37,11,29,3
5,13,37,12,29,3
5,13,37,13,29,3
5,13,37,14,29,3
5,13,37,15,29,3
5,13,42,17,29,3
5,13,42,18,29,3
5,13,42,19,29,3
5,13,42,20,29,3
5,13,42,21,29,3
5,13,47,24,29,3
5,13,47,25,29,3
5,13,47,26,29,3
5,13,47,27,29,3
5,13,52,28,29,3
5,13,52,29,29,3
5,13,52,30,29,3
5,13,52,31,29,3
5,13,52,32,29,3
5,13,57,35,29,3
5,13,57,36,29,3
5,13,57,37,29,3
5,13,57,38,29,3
5,14,2,40,29,3
5,14,2,41,29,3
5,14,2,42,29,3
5,14,2,44,29,3
5,14,7,45,29,3
5,14,7,46,29,3
5,14,7,47,29,3
5,14,7,48,29,3
5,14,7,49,29,3
5,14,12,52,29,3
5,14,12,53,29,3
5,14,12,54,29,3
5,14,12,55,29,3
6,14,17,56,29,3
6,14,17,57,29,3
6,14,17,58,29,3
6,14,17,59,29,3
6,14,18,0,29,3
6,14,23,2,29,3
6,14,23,3,29,3
6,14,23,4,29,3
6,14,23,5,29,3
6,14,23,6,29,3
5,14,28,9,29,3
5,14,28,10,29,3
5,14,28,11,29,3
5,14,28,12,29,3
5,14,33,13,29,3
5,14,33,14,29,3
5,14,33,15,29,3
5,14,33,16,29,3
5,14,33,17,29,3
5,14,38,20,29,3
5,14,38,21,29,3
5,14,38,22,29,3
6,14,38,23,29,3
5,14,43,25,29,3
5,14,43,26,29,3
5,14,43,27,29,3
5,14,43,29,29,3
5,14,48,30,29,3
5,14,48,31,29,3
5,14,48,32,29,3
5,14,48,33,29,3
5,14,48,34,29,3
5,14,53,37,29,3
5,14,53,38,29,3
5,14,53,39,29,3
5,14,53,40,29,3
6,14,58,41,29,3
6,14,58,42,29,3
6,14,58,43,29,3
6,14,58,44,29,3
6,14,58,45,29,3
5,15,3,48,29,3
5,15,3,49,29,3
5,15,3,50,29,3
5,15,3,51,29,3
5,15,8,52,29,3
5,15,8,53,29,3
5,15,8,54,29,3
5,15,8,56,29,3
5,15,8,57,29,3
5,15,13,58,29,3
5,15,13,59,29,3
5,15,14,0,29,3
5,15,14,1,29,3
5,15,14,2,29,3
5,15,19,5,29,3
5,15,19,6,29,3
5,15,19,7,29,3
5,15,19,8,29,3
5,15,24,9,29,3
5,15,24,10,29,3
5,15,24,11,29,3
5,15,24,12,29,3
5,15,24,13,29,3
5,15,29,16,29,3
5,15,29,17,29,3
5,15,29,18,29,3
5,15,29,19,29,3
5,15,34,22,29,3
5,15,34,23,29,3
5,15,34,24,29,3
5,15,34,25,29,3
5,15,39,26,29,3
5,15,39,27,29,3
5,15,39,28,29,3
5,15,39,29,29,3
5,15,39,30,29,3
5,15,44,33,29,3
5,15,44,34,29,3
5,15,44,35,29,3
5,15,44,36,29,3
5,15,49,37,29,3
5,15,49,38,29,3
5,15,49,39,29,3
5,15,49,40,29,3
5,15,49,41,29,3
5,15,54,44,29,3
5,15,54,45,29,3
5,15,54,46,29,3
5,15,54,47,29,3
5,15,59,50,29,3
5,15,59,51,29,3
5,15,59,52,29,3
5,15,59,53,29,3
5,16,4,54,29,3
5,16,4,55,29,3
5,16,4,56,29,3
5,16,4,57,29,3
5,16,4,58,29,3
5,16,10,1,29,3
5,16,10,2,29,3
5,16,10,3,29,3
5,16,10,4,29,3
5,16,15,5,29,3
5,16,15,6,29,3
5,16,15,7,29,3
5,16,15,8,29,3
5,16,15,9,29,3
5,16,20,12,29,3
5,16,20,13,29,3
5,16,20,14,29,3
5,16,20,15,29,3
5,16,25,17,29,3
5,16,25,18,29,3
5,16,25,19,29,3
5,16,25,20,29,3
5,16,25,21,29,3
5,16,30,22,29,3
5,16,30,23,29,3
5,16,30,24,29,3
5,16,30,25,29,3
5,16,30,26,29,3
5,16,35,29,29,3
5,16,35,30,29,3
5,16,35,31,29,3
5,16,35,32,29,3
5,16,40,33,29,3
5,16,40,34,29,3
5,16,40,35,29,3
5,16,40,36,29,3
5,16,40,37,29,3
5,16,45,40,29,3
5,16,45,41,29,3
5,16,45,42,29,3
5,16,45,43,29,3
5,16,50,45,29,3
5,16,50,46,29,3
5,16,50,47,29,3
5,16,50,48,29,3
5,16,50,49,29,3
5,16,55,50,29,3
5,16,55,51,29,3
5,16,55,52,29,3
5,16,55,53,29,3
5,16,55,54,29,3
5,17,0,57,29,3
5,17,0,58,29,3
5,17,0,59,29,3
5,17,1,0,29,3
5,17,6,2,29,3
5,17,6,3,29,3
5,17,6,4,29,3
5,17,6,5,29,3
5,17,6,6,29,3
5,17,11,8,29,3
5,17,11,9,29,3
5,17,11,10,29,3
5,17,11,11,29,3
5,17,16,14,29,3
5,17,16,15,29,3
5,17,16,16,29,3
5,17,16,17,29,3
5,17,21,18,29,3
5,17,21,19,29,3
5,17,21,20,29,3
5,17,21,22,29,3
5,17,21,23,29,3
5,17,26,25,29,3
5,17,26,26,29,3
5,17,26,27,29,3
5,17,26,28,29,3
5,17,31,30,29,3
5,17,31,31,29,3
5,17,31,32,29,3
5,17,31,33,29,3
5,17,31,34,29,3
5,17,36,35,29,3
5,17,36,36,29,3
5,17,36,37,29,3
5,17,36,38,29,3
5,17,36,39,29,3
5,17,41,42,29,3
5,17,41,43,29,3
5,17,41,44,29,3
5,17,41,45,29,3
5,17,46,47,29,3
5,17,46,48,29,3
5,17,46,49,29,3
5,17,46,50,29,3
5,17,46,51,29,3
5,17,51,53,29,3
5,17,51,54,29,3
5,17,51,55,29,3
5,17,51,56,29,3
5,17,56,58,29,3
5,17,56,59,29,3
5,17,57,0,29,3
5,17,57,1,29,3
5,17,57,2,29,3
5,18,2,4,29,3
5,18,2,5,29,3
5,18,2,6,29,3
5,18,2,7,29,3
5,18,7,10,29,3
5,18,7,11,29,3
5,18,7,12,29,3
5,18,7,13,29,3
5,18,12,15,29,3
5,18,12,16,29,3
5,18,12,17,29,3
5,18,12,18,29,3
5,18,12,19,29,3
5,18,17,21,29,3
5,18,17,22,29,3
5,18,17,23,29,3
5,18,17,24,29,3
5,18,22,26,29,3
5,18,22,27,29,3
5,18,22,28,29,3
5,18,22,29,29,3
5,18,22,30,29,3
5,18,32,38,29,3
5,18,32,39,29,3
5,18,32,40,29,3
5,18,32,41,29,3
5,18,37,43,29,3
5,18,37,44,29,3
5,18,37,45,29,3
5,18,37,46,29,3
5,18,37,47,29,3
4,18,42,49,29,3
4,18,42,50,29,3
4,18,42,51,29,3
4,18,42,52,29,3
5,18,47,54,29,3
5,18,47,55,29,3
5,18,47,56,29,3
5,18,47,57,29,3
5,18,47,58,29,3
5,18,52,59,29,3
5,18,53,0,29,3
5,18,53,1,29,3
5,18,53,2,29,3
5,18,53,4,29,3
5,18,58,6,29,3
5,18,58,7,29,3
5,18,58,8,29,3
5,18,58,9,29,3
5,19,3,11,29,3
5,19,3,12,29,3
5,19,3,13,29,3
5,19,3,14,29,3
5,19,3,15,29,3
5,19,8,17,29,3
5,19,8,18,29,3
5,19,8,19,29,3
5,19,8,20,29,3
5,19,13,23,29,3
5,19,13,24,29,3
5,19,13,25,29,3
5,19,13,26,29,3
5,19,18,28,29,3
5,19,18,29,29,3
5,19,18,30,29,3
5,19,18,31,29,3
5,19,18,32,29,3
5,19,23,34,29,3
5,19,23,35,29,3
5,19,23,36,29,3
5,19,23,37,29,3
5,19,28,39,29,3
5,19,28,40,29,3
5,19,28,41,29,3
5,19,28,42,29,3
5,19,28,43,29,3
5,19,33,45,29,3
5,19,33,46,29,3
5,19,33,47,29,3
5,19,33,48,29,3
5,19,38,50,29,3
5,19,38,51,29,3
5,19,38,52,29,3
5,19,38,53,29,3
5,19,38,54,29,3
5,19,43,56,29,3
5,19,43,57,29,3
5,19,43,58,29,3
5,19,43,59,29,3
5,19,44,0,29,3
5,19,49,2,29,3
5,19,49,3,29,3
5,19,49,4,29,3
5,19,49,5,29,3
5,19,54,7,29,3
5,19,54,8,29,3
5,19,54,9,29,3
5,19,54,10,29,3
5,19,54,11,29,3
5,19,59,13,29,3
5,19,59,14,29,3
5,19,59,15,29,3
5,19,59,16,29,3
5,20,4,19,29,3
5,20,4,20,29,3
5,20,4,21,29,3
5,20,4,22,29,3
5,20,9,24,29,3
5,20,9,25,29,3
5,20,9,26,29,3
5,20,9,27,29,3
5,20,9,28,29,3
5,20,14,30,29,3
5,20,14,31,29,3
5,20,14,32,29,3
5,20,14,33,29,3
5,20,19,35,29,3
5,20,19,36,29,3
5,20,19,37,29,3
5,20,19,38,29,3
5,20,19,39,29,3
5,20,24,42,29,3
5,20,24,43,29,3
5,20,24,44,29,3
5,20,24,45,29,3
5,20,29,46,29,3
5,20,29,47,29,3
5,20,29,48,29,3
5,20,29,49,29,3
5,20,29,50,29,3
5,20,34,52,29,3
5,20,34,53,29,3
5,20,34,54,29,3
5,20,34,55,29,3
5,20,34,56,29,3
5,20,39,58,29,3
5,20,39,59,29,3
5,20,40,0,29,3
5,20,40,1,29,3
5,20,45,3,29,3
5,20,45,4,29,3
5,20,45,5,29,3
5,20,45,6,29,3
5,20,45,7,29,3
6,20,50,9,29,3
6,20,50,10,29,3
6,20,50,11,29,3
6,20,50,12,29,3
5,20,55,14,29,3
5,20,55,15,29,3
5,20,55,16,29,3
5,20,55,17,29,3
5,20,55,18,29,3
6,21,0,21,29,3
6,21,0,22,29,3
6,21,0,23,29,3
6,21,0,24,29,3
5,21,5,26,29,3
5,21,5,27,29,3
5,21,5,28,29,3
5,21,5,29,29,3
5,21,10,31,29,3
5,21,10,32,29,3
5,21,10,33,29,3
5,21,10,34,29,3
5,21,10,35,29,3
5,21,15,37,29,3
5,21,15,38,29,3
5,21,15,39,29,3
5,21,15,40,29,3
5,21,20,42,29,3
5,21,20,43,29,3
5,21,20,44,29,3
5,21,20,45,29,3
5,21,20,46,29,3
5,21,25,52,29,3
5,21,30,54,29,3
5,21,30,55,29,3
5,21,30,56,29,3
5,21,30,57,29,3
5,21,35,59,29,3
5,21,36,0,29,3
5,21,36,1,29,3
5,21,36,2,29,3
5,21,36,3,29,3
5,21,41,5,29,3
5,21,41,6,29,3
5,21,41,7,29,3
5,21,41,8,29,3
5,21,46,10,29,3
5,21,46,11,29,3
5,21,46,12,29,3
5,21,46,13,29,3
5,21,46,14,29,3
5,21,51,17,29,3
5,21,51,18,29,3
5,21,51,19,29,3
5,21,51,20,29,3
5,21,56,21,29,3
5,21,56,22,29,3
5,21,56,23,29,3
5,21,56,24,29,3
5,21,56,25,29,3
5,22,1,28,29,3
5,22,1,29,29,3
5,22,1,30,29,3
5,22,1,31,29,3
5,22,6,33,29,3
5,22,6,34,29,3
5,22,6,35,29,3
5,22,6,36,29,3
5,22,11,38,29,3
5,22,11,39,29,3
5,22,11,40,29,3
5,22,11,41,29,3
5,22,11,42,29,3
5,22,16,45,29,3
5,22,16,46,29,3
5,22,16,47,29,3
5,22,16,48,29,3
5,22,21,50,29,3
5,22,21,51,29,3
5,22,21,52,29,3
5,22,21,53,29,3
5,22,26,55,29,3
5,22,26,56,29,3
5,22,26,57,29,3
5,22,26,58,29,3
5,22,26,59,29,3
5,22,32,2,29,3
5,22,32,3,29,3
5,22,32,4,29,3
5,22,32,5,29,3
5,22,37,6,29,3
5,22,37,7,29,3
5,22,37,8,29,3
5,22,37,9,29,3
5,22,37,10,29,3
5,22,42,13,29,3
5,22,42,14,29,3
5,22,47,18,29,3
5,22,47,19,29,3
5,22,47,20,29,3
5,22,47,21,29,3
5,22,52,23,29,3
5,22,52,24,29,3
5,22,52,25,29,3
5,22,52,26,29,3
5,22,52,27,29,3
5,22,57,30,29,3
5,22,57,31,29,3
5,22,57,32,29,3
5,22,57,33,29,3
5,23,2,34,29,3
5,23,2,35,29,3
5,23,2,36,29,3
5,23,2,37,29,3
5,23,2,38,29,3
5,23,12,47,29,3
5,23,12,48,29,3
5,23,12,49,29,3
5,23,12,50,29,3
5,23,17,51,29,3
5,23,17,52,29,3
5,23,17,53,29,3
5,23,17,54,29,3
5,23,17,55,29,3
5,23,22,58,29,3
5,23,22,59,29,3
5,23,23,0,29,3
5,23,23,1,29,3
5,23,28,2,29,3
5,23,28,3,29,3
5,23,28,4,29,3
5,23,28,5,29,3
5,23,28,6,29,3
5,23,33,8,29,3
5,23,33,9,29,3
5,23,33,10,29,3
5,23,33,11,29,3
5,23,33,12,29,3
5,23,38,15,29,3
5,23,38,16,29,3
5,23,38,17,29,3
5,23,38,18,29,3
5,23,43,19,29,3
5,23,43,20,29,3
5,23,43,21,29,3
5,23,43,22,29,3
5,23,43,23,29,3
5,23,48,26,29,3
5,23,48,27,29,3
5,23,48,28,29,3
5,23,48,29,29,3
5,23,53,31,29,3
5,23,53,32,29,3
5,23,53,33,29,3
5,23,53,34,29,3
5,23,58,36,29,3
5,23,58,37,29,3
5,23,58,38,29,3
5,23,58,39,29,3
5,23,58,40,29,3
5,0,3,43,30,3
5,0,3,44,30,3
5,0,3,45,30,3
5,0,3,46,30,3
5,0,8,47,30,3
5,0,8,48,30,3
5,0,8,49,30,3
5,0,8,50,30,3
5,0,8,51,30,3
5,0,13,54,30,3
5,0,13,55,30,3
5,0,19,0,30,3
5,0,19,1,30,3
5,0,19,2,30,3
5,0,19,3,30,3
6,0,24,4,30,3
6,0,24,5,30,3
5,0,24,6,30,3
6,0,24,7,30,3
5,0,24,8,30,3
6,0,29,11,30,3
6,0,29,12,30,3
6,0,29,13,30,3
6,0,29,14,30,3
5,0,34,17,30,3
5,0,34,18,30,3
5,0,34,19,30,3
5,0,34,20,30,3
5,0,39,21,30,3
5,0,39,22,30,3
5,0,39,23,30,3
5,0,39,24,30,3
5,0,39,25,30,3
5,0,44,28,30,3
5,0,44,29,30,3
5,0,44,30,30,3
5,0,44,31,30,3
5,0,49,32,30,3
5,0,49,33,30,3
5,0,49,34,30,3
5,0,49,35,30,3
5,0,49,37,30,3
6,0,54,39,30,3
6,0,54,40,30,3
6,0,59,45,30,3
6,0,59,46,30,3
6,0,59,47,30,3
6,0,59,48,30,3
5,1,4,49,30,3
5,1,4,50,30,3
5,1,4,51,30,3
5,1,4,52,30,3
5,1,4,53,30,3
5,1,9,56,30,3
5,1,9,57,30,3
5,1,9,58,30,3
5,1,9,59,30,3
5,1,15,1,30,3
5,1,15,2,30,3
5,1,15,3,30,3
5,1,15,4,30,3
5,1,15,5,30,3
4,1,20,6,30,3
4,1,20,7,30,3
4,1,20,8,30,3
4,1,20,9,30,3
4,1,20,10,30,3
4,1,25,13,30,3
4,1,25,14,30,3
4,1,25,15,30,3
4,1,25,16,30,3
4,1,30,17,30,3
4,1,30,18,30,3
4,1,30,19,30,3
4,1,30,20,30,3
4,1,30,21,30,3
4,1,35,24,30,3
4,1,35,25,30,3
4,1,35,26,30,3
4,1,35,27,30,3
5,1,40,29,30,3
5,1,40,30,30,3
5,1,40,31,30,3
5,1,40,32,30,3
5,1,40,33,30,3
5,1,45,34,30,3
5,1,45,35,30,3
5,1,45,36,30,3
5,1,45,37,30,3
5,1,45,38,30,3
5,1,50,41,30,3
5,1,50,42,30,3
5,1,50,43,30,3
5,1,50,44,30,3
4,1,55,45,30,3
4,1,55,46,30,3
4,1,55,47,30,3
4,1,55,48,30,3
4,1,55,49,30,3
4,2,0,52,30,3
4,2,0,53,30,3
4,2,0,54,30,3
4,2,0,55,30,3
4,2,5,57,30,3
4,2,5,58,30,3
4,2,5,59,30,3
4,2,6,0,30,3
4,2,6,1,30,3
4,2,11,2,30,3
4,2,11,3,30,3
4,2,11,4,30,3
4,2,11,5,30,3
4,2,11,6,30,3
4,2,16,9,30,3
4,2,16,10,30,3
4,2,16,11,30,3
4,2,16,12,30,3
4,2,21,13,30,3
4,2,21,14,30,3
4,2,21,15,30,3
4,2,21,16,30,3
4,2,21,17,30,3
4,2,26,20,30,3
4,2,26,21,30,3
4,2,26,22,30,3
4,2,26,23,30,3
4,2,31,25,30,3
4,2,31,26,30,3
4,2,31,27,30,3
4,2,31,28,30,3
4,2,31,29,30,3
4,2,36,31,30,3
4,2,36,32,30,3
4,2,36,33,30,3
4,2,36,34,30,3
4,2,41,37,30,3
4,2,41,38,30,3
4,2,41,39,30,3
4,2,41,40,30,3
4,2,46,41,30,3
4,2,46,42,30,3
4,2,46,43,30,3
4,2,46,44,30,3
4,2,46,45,30,3
4,2,51,48,30,3
4,2,51,49,30,3
4,2,51,50,30,3
4,2,51,51,30,3
4,2,56,53,30,3
4,2,56,54,30,3
4,2,56,55,30,3
4,2,56,56,30,3
4,2,56,57,30,3
4,3,1,59,30,3
4,3,2,0,30,3
4,3,2,1,30,3
4,3,2,2,30,3
4,3,7,5,30,3
4,3,7,6,30,3
4,3,7,7,30,3
4,3,7,8,30,3
4,3,12,10,30,3
4,3,12,11,30,3
4,3,12,12,30,3
4,3,12,13,30,3
4,3,12,14,30,3
4,3,17,16,30,3
4,3,17,17,30,3
4,3,17,18,30,3
4,3,17,19,30,3
5,3,22,21,30,3
5,3,22,22,30,3
5,3,22,23,30,3
5,3,22,24,30,3
5,3,22,25,30,3
4,3,27,26,30,3
4,3,27,27,30,3
4,3,27,28,30,3
4,3,27,29,30,3
4,3,27,30,30,3
4,3,32,33,30,3
4,3,32,34,30,3
4,3,32,35,30,3
4,3,32,36,30,3
4,3,37,38,30,3
4,3,37,39,30,3
4,3,37,40,30,3
4,3,37,41,30,3
5,3,37,42,30,3
4,3,42,44,30,3
4,3,42,45,30,3
4,3,42,46,30,3
4,3,42,47,30,3
4,3,47,50,30,3
4,3,47,51,30,3
4,3,47,52,30,3
4,3,47,53,30,3
4,3,52,55,30,3
4,3,52,56,30,3
4,3,52,57,30,3
4,3,52,58,30,3
4,3,52,59,30,3
5,3,58,1,30,3
5,3,58,2,30,3
5,3,58,3,30,3
5,3,58,4,30,3
4,4,3,6,30,3
4,4,3,7,30,3
4,4,3,8,30,3
4,4,3,9,30,3
4,4,3,10,30,3
5,4,8,11,30,3
5,4,8,12,30,3
5,4,8,13,30,3
5,4,8,14,30,3
5,4,8,15,30,3
4,4,13,18,30,3
4,4,13,19,30,3
4,4,13,20,30,3
4,4,13,21,30,3
4,4,18,23,30,3
4,4,18,24,30,3
4,4,18,25,30,3
4,4,18,26,30,3
4,4,18,27,30,3
5,4,23,29,30,3
5,4,23,30,30,3
5,4,23,31,30,3
5,4,23,32,30,3
5,4,28,34,30,3
5,4,28,35,30,3
5,4,28,36,30,3
5,4,28,37,30,3
5,4,28,38,30,3
5,4,33,40,30,3
5,4,33,41,30,3
5,4,33,42,30,3
5,4,33,43,30,3
5,4,33,44,30,3
5,4,38,46,30,3
5,4,38,47,30,3
5,4,38,48,30,3
5,4,38,49,30,3
5,4,43,51,30,3
5,4,43,52,30,3
5,4,43,53,30,3
5,4,43,54,30,3
5,4,43,55,30,3
5,4,48,57,30,3
5,4,48,58,30,3
5,4,48,59,30,3
5,4,49,0,30,3
5,4,54,2,30,3
5,4,54,3,30,3
5,4,54,4,30,3
5,4,54,5,30,3
5,4,54,6,30,3
5,4,59,8,30,3
5,4,59,9,30,3
5,4,59,10,30,3
5,4,59,11,30,3
5,4,59,12,30,3
5,5,4,14,30,3
5,5,4,15,30,3
5,5,4,16,30,3
5,5,4,17,30,3
5,5,9,19,30,3
5,5,9,20,30,3
5,5,9,21,30,3
5,5,9,22,30,3
5,5,9,23,30,3
5,5,14,25,30,3
5,5,14,26,30,3
5,5,14,27,30,3
5,5,14,29,30,3
5,5,19,31,30,3
5,5,19,32,30,3
5,5,19,33,30,3
5,5,19,34,30,3
5,5,24,36,30,3
5,5,24,37,30,3
5,5,24,38,30,3
5,5,24,39,30,3
5,5,24,40,30,3
5,5,29,42,30,3
5,5,29,43,30,3
5,5,29,44,30,3
5,5,29,45,30,3
5,5,34,47,30,3
5,5,34,48,30,3
5,5,34,49,30,3
5,5,34,50,30,3
5,5,34,51,30,3
5,5,39,54,30,3
5,5,39,55,30,3
5,5,39,56,30,3
5,5,39,57,30,3
4,5,44,59,30,3
4,5,45,0,30,3
4,5,45,1,30,3
4,5,45,2,30,3
4,5,50,4,30,3
4,5,50,5,30,3
4,5,50,6,30,3
4,5,50,7,30,3
4,5,50,8,30,3
4,5,55,10,30,3
4,5,55,11,30,3
4,5,55,12,30,3
4,5,55,13,30,3
4,6,0,15,30,3
4,6,0,16,30,3
4,6,0,17,30,3
4,6,0,18,30,3
4,6,0,19,30,3
4,6,5,21,30,3
4,6,5,22,30,3
4,6,5,23,30,3
4,6,5,24,30,3
4,6,10,26,30,3
4,6,10,27,30,3
4,6,10,28,30,3
4,6,10,29,30,3
4,6,10,30,30,3
4,6,20,38,30,3
4,6,20,39,30,3
4,6,20,40,30,3
4,6,20,41,30,3
4,6,25,43,30,3
4,6,25,44,30,3
4,6,25,45,30,3
4,6,25,46,30,3
4,6,25,47,30,3
4,6,30,49,30,3
4,6,30,50,30,3
4,6,30,51,30,3
4,6,30,53,30,3
4,6,35,54,30,3
4,6,35,55,30,3
4,6,35,56,30,3
4,6,35,57,30,3
4,6,35,58,30,3
4,6,41,1,30,3
4,6,41,2,30,3
4,6,41,3,30,3
4,6,41,4,30,3
4,6,46,6,30,3
4,6,46,7,30,3
4,6,46,8,30,3
4,6,46,9,30,3
4,6,51,11,30,3
4,6,51,12,30,3
4,6,51,13,30,3
4,6,51,14,30,3
4,6,51,15,30,3
4,6,56,18,30,3
4,6,56,19,30,3
4,6,56,20,30,3
4,6,56,21,30,3
4,7,1,22,30,3
4,7,1,23,30,3
4,7,1,24,30,3
4,7,1,25,30,3
4,7,1,26,30,3
4,7,6,32,30,3
4,7,11,34,30,3
4,7,11,35,30,3
4,7,11,36,30,3
4,7,11,37,30,3
4,7,16,39,30,3
4,7,16,40,30,3
4,7,16,41,30,3
4,7,16,42,30,3
4,7,16,43,30,3
4,7,21,46,30,3
4,7,21,47,30,3
4,7,21,48,30,3
4,7,21,49,30,3
4,7,26,50,30,3
4,7,26,51,30,3
4,7,26,52,30,3
4,7,26,53,30,3
4,7,26,54,30,3
4,7,31,56,30,3
4,7,31,57,30,3
4,7,31,58,30,3
4,7,31,59,30,3
4,7,32,0,30,3
4,7,37,3,30,3
4,7,37,4,30,3
4,7,37,5,30,3
4,7,37,6,30,3
4,7,42,7,30,3
4,7,42,8,30,3
4,7,42,9,30,3
4,7,42,10,30,3
4,7,42,11,30,3
4,7,47,14,30,3
4,7,47,15,30,3
4,7,47,16,30,3
5,7,52,20,30,3
5,7,52,21,30,3
5,7,52,22,30,3
5,7,52,23,30,3
5,7,57,24,30,3
5,7,57,25,30,3
5,7,57,26,30,3
5,7,57,27,30,3
5,7,57,28,30,3
5,8,2,31,30,3
5,8,2,32,30,3
5,8,2,33,30,3
5,8,2,34,30,3
5,8,7,35,30,3
5,8,7,36,30,3
5,8,7,37,30,3
5,8,7,38,30,3
5,8,7,39,30,3
5,8,12,41,30,3
5,8,12,42,30,3
5,8,12,43,30,3
5,8,12,44,30,3
5,8,12,45,30,3
5,8,17,48,30,3
5,8,17,49,30,3
5,8,17,50,30,3
5,8,17,51,30,3
5,8,22,52,30,3
5,8,22,53,30,3
5,8,22,54,30,3
5,8,22,55,30,3
5,8,22,56,30,3
5,8,27,59,30,3
5,8,28,0,30,3
5,8,28,1,30,3
5,8,28,2,30,3
5,8,33,3,30,3
5,8,33,4,30,3
5,8,33,5,30,3
5,8,33,6,30,3
5,8,33,7,30,3
5,8,38,9,30,3
5,8,38,10,30,3
5,8,38,11,30,3
5,8,38,12,30,3
5,8,38,13,30,3
5,8,43,16,30,3
5,8,43,17,30,3
5,8,43,18,30,3
5,8,43,19,30,3
6,8,48,20,30,3
6,8,48,21,30,3
6,8,48,22,30,3
6,8,48,23,30,3
6,8,48,24,30,3
6,8,53,27,30,3
6,8,53,28,30,3
6,8,53,29,30,3
6,8,53,30,30,3
6,8,58,33,30,3
6,8,58,34,30,3
6,8,58,35,30,3
6,8,58,36,30,3
7,9,3,37,30,3
7,9,3,38,30,3
7,9,3,39,30,3
7,9,3,40,30,3
7,9,3,41,30,3
9,9,8,44,30,3
9,9,8,45,30,3
9,9,8,46,30,3
9,9,8,47,30,3
6,9,13,48,30,3
6,9,13,49,30,3
6,9,13,50,30,3
6,9,13,51,30,3
6,9,13,52,30,3
6,9,18,54,30,3
6,9,18,55,30,3
6,9,18,56,30,3
6,9,18,57,30,3
6,9,18,58,30,3
6,9,24,1,30,3
6,9,24,2,30,3
6,9,24,3,30,3
6,9,24,4,30,3
6,9,29,5,30,3
6,9,29,6,30,3
6,9,29,7,30,3
6,9,29,8,30,3
6,9,29,9,30,3
7,9,34,12,30,3
7,9,34,13,30,3
7,9,34,14,30,3
7,9,34,15,30,3
6,9,39,18,30,3
6,9,39,19,30,3
6,9,39,20,30,3
6,9,39,21,30,3
6,9,44,22,30,3
6,9,44,23,30,3
6,9,44,24,30,3
6,9,44,25,30,3
6,9,44,26,30,3
6,9,49,29,30,3
6,9,49,30,30,3
6,9,49,31,30,3
6,9,49,32,30,3
6,9,54,33,30,3
6,9,54,34,30,3
6,9,54,35,30,3
6,9,54,36,30,3
6,9,54,37,30,3
6,9,59,40,30,3
6,9,59,41,30,3
6,9,59,42,30,3
6,9,59,43,30,3
6,10,4,46,30,3
6,10,4,47,30,3
6,10,4,48,30,3
6,10,4,49,30,3
6,10,9,50,30,3
6,10,9,51,30,3
6,10,9,52,30,3
6,10,9,53,30,3
6,10,9,54,30,3
7,10,14,57,30,3
7,10,14,58,30,3
7,10,14,59,30,3
7,10,15,0,30,3
7,10,20,2,30,3
7,10,20,3,30,3
7,10,20,4,30,3
7,10,20,5,30,3
7,10,20,6,30,3
6,10,25,7,30,3
6,10,25,8,30,3
6,10,25,9,30,3
6,10,25,10,30,3
6,10,25,11,30,3
7,10,30,14,30,3
7,10,30,15,30,3
7,10,30,16,30,3
7,10,30,17,30,3
7,10,35,19,30,3
7,10,35,20,30,3
7,10,35,21,30,3
7,10,35,22,30,3
7,10,35,23,30,3
7,10,40,24,30,3
7,10,40,25,30,3
7,10,40,26,30,3
7,10,40,27,30,3
7,10,40,28,30,3
7,10,45,31,30,3
7,10,45,32,30,3
7,10,45,33,30,3
7,10,45,34,30,3
7,10,50,35,30,3
7,10,50,36,30,3
7,10,50,37,30,3
7,10,50,38,30,3
7,10,50,39,30,3
7,10,55,42,30,3
7,10,55,43,30,3
7,10,55,44,30,3
7,10,55,45,30,3
8,11,0,47,30,3
8,11,0,48,30,3
8,11,0,49,30,3
8,11,0,50,30,3
8,11,0,51,30,3
8,11,5,53,30,3
8,11,5,54,30,3
8,11,5,55,30,3
8,11,5,56,30,3
8,11,10,58,30,3
8,11,10,59,30,3
8,11,11,0,30,3
8,11,11,1,30,3
8,11,11,2,30,3
7,11,16,3,30,3
7,11,16,4,30,3
7,11,16,5,30,3
7,11,16,6,30,3
7,11,16,7,30,3
7,11,21,10,30,3
7,11,21,11,30,3
7,11,21,12,30,3
7,11,21,13,30,3
6,11,26,15,30,3
6,11,26,16,30,3
6,11,26,17,30,3
6,11,26,18,30,3
6,11,26,19,30,3
6,11,31,21,30,3
6,11,31,22,30,3
6,11,36,27,30,3
6,11,36,28,30,3
6,11,36,29,30,3
7,11,36,30,30,3
6,11,41,31,30,3
6,11,41,32,30,3
6,11,41,33,30,3
6,11,41,34,30,3
6,11,41,35,30,3
6,11,46,38,30,3
6,11,46,39,30,3
6,11,46,40,30,3
6,11,46,41,30,3
5,11,51,43,30,3
5,11,51,44,30,3
5,11,51,45,30,3
5,11,51,46,30,3
5,11,51,47,30,3
6,11,56,49,30,3
6,11,56,50,30,3
6,11,56,51,30,3
6,11,56,52,30,3
6,12,1,55,30,3
6,12,1,56,30,3
5,12,1,57,30,3
5,12,1,58,30,3
5,12,7,0,30,3
5,12,7,1,30,3
5,12,7,2,30,3
5,12,7,3,30,3
5,12,7,4,30,3
5,12,12,6,30,3
5,12,12,7,30,3
5,12,12,8,30,3
5,12,12,9,30,3
5,12,17,11,30,3
5,12,17,12,30,3
5,12,17,13,30,3
5,12,17,14,30,3
5,12,17,15,30,3
5,12,22,16,30,3
5,12,22,17,30,3
5,12,22,18,30,3
5,12,22,19,30,3
5,12,22,20,30,3
5,12,27,23,30,3
5,12,27,24,30,3
5,12,27,25,30,3
5,12,27,26,30,3
5,12,32,28,30,3
5,12,32,29,30,3
5,12,32,30,30,3
5,12,32,31,30,3
5,12,32,32,30,3
5,12,37,34,30,3
5,12,37,35,30,3
5,12,37,36,30,3
5,12,37,37,30,3
5,12,42,39,30,3
5,12,42,40,30,3
5,12,42,41,30,3
5,12,42,42,30,3
5,12,42,43,30,3
5,12,47,45,30,3
5,12,47,46,30,3
5,12,47,47,30,3
5,12,47,48,30,3
5,12,47,49,30,3
5,12,52,51,30,3
5,12,52,52,30,3
5,12,52,53,30,3
5,12,52,54,30,3
5,12,57,56,30,3
5,12,57,57,30,3
5,12,57,58,30,3
5,12,57,59,30,3
5,12,58,0,30,3
5,13,3,2,30,3
5,13,3,3,30,3
5,13,3,4,30,3
5,13,3,5,30,3
5,13,8,8,30,3
5,13,8,9,30,3
5,13,8,10,30,3
5,13,8,11,30,3
5,13,13,13,30,3
5,13,13,14,30,3
5,13,13,15,30,3
5,13,13,16,30,3
5,13,13,17,30,3
5,13,18,19,30,3
5,13,18,20,30,3
5,13,18,21,30,3
5,13,18,22,30,3
5,13,23,24,30,3
5,13,23,25,30,3
5,13,23,26,30,3
5,13,23,27,30,3
5,13,23,28,30,3
6,13,28,30,30,3
6,13,28,31,30,3
6,13,28,32,30,3
6,13,28,33,30,3
6,13,28,34,30,3
6,13,33,36,30,3
6,13,33,37,30,3
6,13,33,38,30,3
6,13,33,39,30,3
7,13,38,41,30,3
6,13,38,42,30,3
6,13,38,43,30,3
6,13,38,44,30,3
6,13,38,45,30,3
6,13,43,47,30,3
6,13,43,48,30,3
6,13,43,49,30,3
6,13,43,50,30,3
6,13,48,52,30,3
6,13,48,53,30,3
6,13,48,54,30,3
6,13,48,55,30,3
6,13,48,56,30,3
