21,6,4,44,26,3
21,6,4,45,26,3
21,6,4,46,26,3
21,6,4,47,26,3
21,6,4,48,26,3
21,6,4,49,26,3
21,6,4,50,26,3
21,6,4,51,26,3
21,6,4,52,26,3
21,6,4,53,26,3
21,6,9,56,26,3
21,6,9,57,26,3
21,6,9,58,26,3
21,6,9,59,26,3
21,6,10,0,26,3
21,6,10,1,26,3
21,6,10,2,26,3
21,6,10,3,26,3
21,6,10,4,26,3
20,6,15,5,26,3
20,6,15,6,26,3
20,6,15,7,26,3
20,6,15,8,26,3
20,6,15,9,26,3
20,6,15,10,26,3
20,6,15,11,26,3
20,6,15,12,26,3
20,6,15,13,26,3
20,6,15,14,26,3
19,6,20,16,26,3
19,6,20,17,26,3
19,6,20,18,26,3
19,6,20,19,26,3
19,6,20,20,26,3
19,6,20,21,26,3
19,6,20,22,26,3
19,6,20,23,26,3
19,6,20,24,26,3
19,6,20,25,26,3
18,6,25,27,26,3
18,6,25,28,26,3
18,6,25,30,26,3
18,6,25,31,26,3
18,6,25,32,26,3
18,6,25,33,26,3
18,6,25,34,26,3
18,6,25,35,26,3
18,6,25,36,26,3
19,6,30,37,26,3
19,6,30,38,26,3
19,6,30,39,26,3
19,6,30,40,26,3
19,6,30,41,26,3
19,6,30,42,26,3
19,6,30,43,26,3
18,6,30,44,26,3
18,6,30,45,26,3
18,6,30,46,26,3
18,6,35,49,26,3
18,6,35,50,26,3
18,6,35,51,26,3
18,6,35,52,26,3
18,6,35,53,26,3
18,6,35,54,26,3
18,6,35,55,26,3
18,6,35,56,26,3
18,6,35,57,26,3
18,6,40,59,26,3
18,6,41,0,26,3
18,6,41,1,26,3
18,6,41,2,26,3
18,6,41,3,26,3
18,6,41,4,26,3
18,6,41,5,26,3
18,6,41,6,26,3
18,6,41,7,26,3
17,6,46,9,26,3
17,6,46,10,26,3
17,6,46,11,26,3
17,6,46,12,26,3
17,6,46,13,26,3
17,6,46,14,26,3
17,6,46,15,26,3
17,6,46,16,26,3
17,6,46,17,26,3
17,6,46,18,26,3
17,6,51,21,26,3
17,6,51,22,26,3
17,6,51,23,26,3
17,6,51,24,26,3
17,6,51,25,26,3
17,6,51,26,26,3
17,6,51,27,26,3
17,6,51,28,26,3
17,6,51,29,26,3
17,6,56,30,26,3
17,6,56,31,26,3
17,6,56,32,26,3
17,6,56,33,26,3
17,6,56,34,26,3
17,6,56,35,26,3
17,6,56,36,26,3
17,6,56,37,26,3
17,6,56,38,26,3
17,6,56,39,26,3
20,7,6,52,26,3
20,7,6,53,26,3
20,7,6,54,26,3
20,7,6,55,26,3
19,7,6,56,26,3
19,7,6,57,26,3
19,7,6,58,26,3
19,7,6,59,26,3
19,7,7,0,26,3
16,7,12,2,26,3
16,7,12,3,26,3
16,7,12,4,26,3
16,7,12,5,26,3
17,7,12,6,26,3
17,7,12,7,26,3
17,7,12,8,26,3
17,7,12,9,26,3
17,7,12,10,26,3
17,7,12,11,26,3
9,9,53,23,26,3
9,9,53,24,26,3
9,9,53,25,26,3
9,9,53,26,26,3
9,9,53,27,26,3
9,9,53,28,26,3
9,9,53,29,26,3
8,9,53,30,26,3
9,9,53,31,26,3
9,9,53,32,26,3
10,9,58,34,26,3
10,9,58,35,26,3
10,9,58,36,26,3
10,9,58,37,26,3
10,9,58,38,26,3
10,9,58,39,26,3
10,9,58,40,26,3
10,9,58,41,26,3
10,9,58,42,26,3
11,10,3,45,26,3
11,10,3,46,26,3
11,10,3,47,26,3
11,10,3,48,26,3
11,10,3,49,26,3
11,10,3,50,26,3
11,10,3,51,26,3
11,10,3,52,26,3
11,10,3,53,26,3
10,10,8,54,26,3
10,10,8,55,26,3
10,10,8,57,26,3
10,10,8,58,26,3
10,10,8,59,26,3
10,10,9,0,26,3
10,10,9,1,26,3
10,10,9,2,26,3
10,10,9,3,26,3
10,10,9,4,26,3
10,10,14,6,26,3
10,10,14,7,26,3
10,10,14,8,26,3
10,10,14,9,26,3
10,10,14,10,26,3
10,10,14,11,26,3
10,10,14,12,26,3
10,10,14,13,26,3
10,10,14,14,26,3
11,10,19,16,26,3
11,10,19,17,26,3
11,10,19,18,26,3
11,10,19,19,26,3
11,10,19,20,26,3
11,10,19,21,26,3
11,10,19,22,26,3
11,10,19,23,26,3
11,10,19,24,26,3
11,10,19,25,26,3
10,10,24,27,26,3
10,10,24,28,26,3
10,10,24,29,26,3
10,10,24,30,26,3
10,10,24,31,26,3
10,10,24,32,26,3
10,10,24,33,26,3
10,10,24,34,26,3
10,10,24,35,26,3
10,10,29,37,26,3
10,10,29,38,26,3
10,10,29,39,26,3
10,10,29,40,26,3
10,10,29,41,26,3
10,10,29,42,26,3
10,10,29,43,26,3
10,10,29,44,26,3
10,10,29,45,26,3
10,10,29,46,26,3
10,10,34,48,26,3
10,10,34,49,26,3
10,10,34,50,26,3
10,10,34,51,26,3
10,10,34,52,26,3
10,10,34,53,26,3
10,10,34,54,26,3
11,10,39,59,26,3
11,10,40,0,26,3
11,10,40,1,26,3
11,10,40,2,26,3
11,10,40,3,26,3
11,10,40,4,26,3
11,10,40,5,26,3
11,10,40,6,26,3
11,10,40,7,26,3
10,10,45,8,26,3
10,10,45,9,26,3
10,10,45,10,26,3
10,10,45,11,26,3
10,10,45,12,26,3
10,10,45,13,26,3
10,10,45,14,26,3
10,10,45,15,26,3
10,10,45,16,26,3
10,10,45,17,26,3
10,10,50,20,26,3
10,10,50,21,26,3
10,10,50,22,26,3
10,10,50,23,26,3
10,10,50,24,26,3
10,10,50,25,26,3
10,10,50,26,26,3
10,10,50,27,26,3
10,10,50,28,26,3
10,10,55,30,26,3
10,10,55,31,26,3
10,10,55,32,26,3
10,10,55,33,26,3
10,10,55,34,26,3
10,10,55,35,26,3
10,10,55,36,26,3
10,10,55,37,26,3
10,10,55,38,26,3
10,10,55,39,26,3
11,11,0,41,26,3
11,11,0,42,26,3
11,11,0,43,26,3
11,11,0,44,26,3
11,11,0,45,26,3
11,11,0,46,26,3
11,11,0,47,26,3
11,11,0,48,26,3
11,11,0,49,26,3
10,11,5,52,26,3
10,11,5,53,26,3
10,11,5,54,26,3
10,11,5,55,26,3
10,11,5,56,26,3
10,11,5,57,26,3
10,11,5,58,26,3
10,11,5,59,26,3
10,11,6,0,26,3
11,11,11,1,26,3
11,11,11,2,26,3
11,11,11,3,26,3
11,11,11,4,26,3
11,11,11,5,26,3
11,11,11,6,26,3
11,11,11,7,26,3
11,11,11,8,26,3
11,11,11,9,26,3
11,11,11,11,26,3
11,11,16,13,26,3
11,11,16,14,26,3
11,11,16,15,26,3
11,11,16,16,26,3
11,11,16,17,26,3
11,11,16,18,26,3
11,11,16,19,26,3
11,11,16,20,26,3
11,11,16,21,26,3
11,11,21,23,26,3
11,11,21,24,26,3
11,11,21,25,26,3
11,11,21,26,26,3
11,11,21,27,26,3
11,11,21,28,26,3
11,11,21,29,26,3
11,11,21,30,26,3
11,11,21,31,26,3
11,11,21,32,26,3
11,11,26,34,26,3
11,11,26,35,26,3
11,11,26,36,26,3
11,11,26,37,26,3
11,11,26,38,26,3
11,11,26,39,26,3
11,11,26,40,26,3
11,11,26,41,26,3
11,11,26,42,26,3
11,11,31,44,26,3
11,11,31,45,26,3
11,11,31,46,26,3
11,11,31,47,26,3
11,11,31,48,26,3
11,11,31,49,26,3
11,11,31,50,26,3
11,11,31,51,26,3
11,11,31,52,26,3
11,11,31,53,26,3
11,11,36,55,26,3
11,11,36,56,26,3
11,11,36,57,26,3
11,11,36,58,26,3
11,11,36,59,26,3
11,11,37,0,26,3
11,11,37,1,26,3
11,11,37,2,26,3
11,11,37,3,26,3
11,11,42,6,26,3
11,11,42,7,26,3
11,11,42,8,26,3
11,11,42,9,26,3
11,11,42,10,26,3
11,11,42,11,26,3
11,11,42,12,26,3
11,11,42,13,26,3
11,11,42,14,26,3
11,11,47,16,26,3
11,11,47,17,26,3
11,11,47,18,26,3
11,11,47,19,26,3
11,11,47,20,26,3
11,11,47,21,26,3
11,11,47,22,26,3
11,11,47,23,26,3
11,11,47,24,26,3
11,11,47,25,26,3
11,11,52,27,26,3
11,11,52,28,26,3
11,11,52,29,26,3
11,11,52,30,26,3
11,11,52,31,26,3
11,11,52,32,26,3
11,11,52,33,26,3
11,11,52,34,26,3
11,11,52,35,26,3
11,11,57,37,26,3
11,11,57,38,26,3
11,11,57,39,26,3
11,11,57,40,26,3
11,11,57,41,26,3
11,11,57,42,26,3
11,11,57,43,26,3
11,11,57,44,26,3
11,11,57,45,26,3
11,11,57,46,26,3
11,12,2,48,26,3
11,12,2,49,26,3
11,12,2,50,26,3
11,12,2,51,26,3
11,12,2,52,26,3
11,12,2,53,26,3
11,12,2,54,26,3
11,12,2,55,26,3
11,12,2,56,26,3
11,12,2,57,26,3
11,12,7,59,26,3
11,12,8,0,26,3
11,12,8,1,26,3
11,12,8,2,26,3
11,12,8,3,26,3
11,12,8,4,26,3
11,12,8,5,26,3
11,12,8,6,26,3
11,12,8,7,26,3
11,12,13,9,26,3
11,12,13,10,26,3
11,12,13,11,26,3
11,12,13,12,26,3
11,12,13,13,26,3
11,12,13,14,26,3
11,12,13,15,26,3
11,12,13,16,26,3
11,12,13,17,26,3
11,12,13,18,26,3
11,12,18,20,26,3
11,12,18,21,26,3
11,12,18,22,26,3
11,12,18,23,26,3
11,12,18,24,26,3
11,12,18,25,26,3
11,12,18,26,26,3
11,12,18,27,26,3
11,12,18,28,26,3
11,12,18,29,26,3
11,12,23,31,26,3
11,12,23,32,26,3
11,12,23,33,26,3
11,12,23,34,26,3
11,12,23,35,26,3
11,12,23,36,26,3
11,12,23,37,26,3
11,12,23,38,26,3
11,12,23,39,26,3
11,12,28,41,26,3
11,12,28,42,26,3
11,12,28,43,26,3
11,12,28,44,26,3
11,12,28,45,26,3
11,12,28,46,26,3
11,12,28,47,26,3
11,12,28,48,26,3
11,12,28,49,26,3
11,12,28,50,26,3
11,12,33,52,26,3
11,12,33,53,26,3
11,12,33,54,26,3
11,12,33,55,26,3
11,12,33,56,26,3
11,12,33,57,26,3
11,12,33,58,26,3
11,12,33,59,26,3
11,12,34,0,26,3
10,12,39,3,26,3
10,12,39,4,26,3
10,12,39,5,26,3
10,12,39,6,26,3
10,12,39,7,26,3
10,12,39,8,26,3
10,12,39,9,26,3
10,12,39,10,26,3
10,12,39,11,26,3
12,12,44,13,26,3
12,12,44,14,26,3
12,12,44,15,26,3
12,12,44,16,26,3
12,12,44,17,26,3
12,12,44,18,26,3
12,12,44,19,26,3
12,12,44,20,26,3
12,12,44,21,26,3
12,12,44,22,26,3
12,12,49,24,26,3
12,12,49,25,26,3
12,12,49,26,26,3
12,12,49,27,26,3
12,12,49,28,26,3
12,12,49,29,26,3
12,12,49,30,26,3
12,12,49,31,26,3
12,12,49,32,26,3
11,12,54,34,26,3
11,12,54,35,26,3
11,12,54,36,26,3
11,12,54,37,26,3
11,12,54,38,26,3
11,12,54,39,26,3
11,12,54,40,26,3
11,12,54,41,26,3
11,12,54,42,26,3
11,12,54,43,26,3
11,12,59,45,26,3
11,12,59,46,26,3
11,12,59,47,26,3
11,12,59,48,26,3
11,12,59,49,26,3
11,12,59,50,26,3
11,12,59,51,26,3
11,12,59,52,26,3
11,12,59,53,26,3
11,13,4,55,26,3
11,13,4,56,26,3
11,13,4,57,26,3
11,13,4,58,26,3
11,13,4,59,26,3
11,13,5,0,26,3
11,13,5,1,26,3
11,13,5,2,26,3
11,13,5,3,26,3
11,13,5,4,26,3
11,13,10,6,26,3
11,13,10,7,26,3
11,13,10,8,26,3
11,13,10,9,26,3
11,13,10,10,26,3
11,13,10,11,26,3
11,13,10,12,26,3
11,13,10,13,26,3
11,13,10,14,26,3
11,13,10,15,26,3
11,13,15,17,26,3
11,13,15,18,26,3
11,13,15,19,26,3
11,13,15,20,26,3
11,13,15,21,26,3
11,13,15,22,26,3
11,13,15,23,26,3
11,13,15,24,26,3
11,13,15,25,26,3
11,13,20,27,26,3
11,13,20,28,26,3
11,13,20,29,26,3
11,13,20,30,26,3
11,13,20,31,26,3
11,13,20,32,26,3
11,13,20,33,26,3
11,13,20,34,26,3
11,13,20,35,26,3
11,13,20,36,26,3
11,13,25,39,26,3
11,13,25,40,26,3
11,13,25,41,26,3
11,13,25,42,26,3
11,13,25,43,26,3
11,13,25,44,26,3
11,13,25,45,26,3
11,13,25,46,26,3
11,13,25,47,26,3
11,13,30,49,26,3
11,13,30,50,26,3
11,13,30,51,26,3
11,13,30,52,26,3
11,13,30,53,26,3
11,13,30,54,26,3
11,13,30,55,26,3
11,13,30,56,26,3
11,13,30,57,26,3
11,13,35,59,26,3
11,13,36,0,26,3
11,13,36,1,26,3
11,13,36,2,26,3
11,13,36,3,26,3
11,13,36,4,26,3
11,13,36,5,26,3
11,13,36,6,26,3
11,13,36,7,26,3
11,13,36,8,26,3
11,13,41,10,26,3
11,13,41,11,26,3
11,13,41,12,26,3
11,13,41,13,26,3
11,13,41,14,26,3
11,13,41,15,26,3
11,13,41,16,26,3
11,13,41,17,26,3
11,13,41,18,26,3
11,13,46,20,26,3
11,13,46,21,26,3
11,13,46,22,26,3
11,13,46,23,26,3
11,13,46,24,26,3
11,13,46,25,26,3
11,13,46,26,26,3
11,13,46,27,26,3
11,13,46,28,26,3
11,13,46,29,26,3
11,13,51,32,26,3
11,13,51,33,26,3
11,13,51,34,26,3
11,13,51,35,26,3
11,13,51,36,26,3
11,13,51,37,26,3
11,13,51,38,26,3
11,13,51,39,26,3
11,13,51,40,26,3
11,13,56,42,26,3
11,13,56,43,26,3
11,13,56,44,26,3
11,13,56,45,26,3
11,13,56,46,26,3
11,13,56,47,26,3
11,13,56,48,26,3
11,13,56,49,26,3
11,13,56,50,26,3
11,14,1,52,26,3
11,14,1,53,26,3
11,14,1,54,26,3
11,14,1,55,26,3
11,14,1,56,26,3
11,14,1,57,26,3
11,14,1,58,26,3
11,14,1,59,26,3
11,14,2,0,26,3
11,14,2,1,26,3
11,14,7,4,26,3
11,14,7,5,26,3
11,14,7,6,26,3
11,14,7,7,26,3
11,14,7,8,26,3
11,14,7,9,26,3
11,14,7,10,26,3
11,14,7,11,26,3
12,14,7,12,26,3
11,14,12,13,26,3
11,14,12,14,26,3
11,14,12,15,26,3
11,14,12,16,26,3
11,14,12,17,26,3
11,14,12,18,26,3
11,14,12,19,26,3
11,14,12,20,26,3
11,14,12,21,26,3
11,14,12,22,26,3
11,14,17,25,26,3
11,14,17,26,26,3
11,14,17,27,26,3
11,14,22,35,26,3
11,14,22,36,26,3
11,14,22,37,26,3
11,14,22,38,26,3
11,14,22,39,26,3
11,14,22,40,26,3
11,14,22,41,26,3
11,14,22,42,26,3
11,14,22,43,26,3
12,14,27,45,26,3
12,14,27,46,26,3
12,14,27,47,26,3
12,14,27,48,26,3
12,14,27,49,26,3
12,14,27,50,26,3
12,14,27,51,26,3
12,14,27,52,26,3
12,14,27,53,26,3
12,14,27,54,26,3
12,14,32,57,26,3
12,14,32,58,26,3
12,14,32,59,26,3
12,14,33,0,26,3
12,14,33,1,26,3
12,14,33,2,26,3
12,14,33,3,26,3
12,14,33,4,26,3
12,14,33,5,26,3
11,14,38,6,26,3
11,14,38,7,26,3
11,14,38,8,26,3
11,14,38,9,26,3
11,14,38,10,26,3
11,14,38,11,26,3
11,14,38,12,26,3
11,14,38,13,26,3
11,14,38,14,26,3
11,14,38,15,26,3
11,14,43,18,26,3
11,14,43,19,26,3
11,14,43,20,26,3
11,14,43,21,26,3
11,14,43,22,26,3
11,14,43,23,26,3
11,14,43,24,26,3
11,14,43,25,26,3
11,14,43,26,26,3
11,14,48,28,26,3
11,14,48,29,26,3
11,14,48,30,26,3
11,14,48,31,26,3
11,14,48,32,26,3
11,14,48,33,26,3
11,14,48,34,26,3
11,14,48,35,26,3
11,14,48,36,26,3
11,14,53,38,26,3
11,14,53,39,26,3
11,14,53,40,26,3
11,14,53,41,26,3
11,14,53,42,26,3
11,14,53,43,26,3
11,14,53,44,26,3
11,14,53,45,26,3
11,14,53,46,26,3
11,14,53,47,26,3
11,14,58,50,26,3
11,14,58,51,26,3
11,14,58,52,26,3
11,14,58,53,26,3
11,14,58,54,26,3
11,14,58,55,26,3
11,14,58,56,26,3
12,14,58,57,26,3
12,14,58,58,26,3
12,15,3,59,26,3
11,15,4,0,26,3
12,15,4,1,26,3
11,15,4,2,26,3
12,15,4,3,26,3
11,15,4,4,26,3
11,15,4,5,26,3
11,15,4,6,26,3
11,15,4,7,26,3
11,15,4,8,26,3
12,15,9,11,26,3
12,15,9,12,26,3
12,15,9,13,26,3
12,15,9,14,26,3
12,15,9,15,26,3
11,15,14,21,26,3
11,15,14,22,26,3
11,15,14,23,26,3
11,15,14,24,26,3
11,15,14,25,26,3
11,15,14,26,26,3
11,15,14,27,26,3
11,15,14,28,26,3
11,15,14,29,26,3
12,15,19,31,26,3
12,15,19,32,26,3
12,15,19,33,26,3
12,15,19,34,26,3
12,15,19,35,26,3
12,15,19,36,26,3
12,15,19,37,26,3
12,15,19,38,26,3
12,15,19,39,26,3
12,15,19,40,26,3
12,15,24,42,26,3
12,15,24,43,26,3
12,15,24,44,26,3
12,15,24,45,26,3
12,15,24,46,26,3
12,15,24,47,26,3
12,15,24,48,26,3
12,15,24,49,26,3
12,15,24,50,26,3
12,15,29,52,26,3
12,15,29,53,26,3
12,15,29,54,26,3
12,15,29,55,26,3
12,15,29,56,26,3
11,15,29,57,26,3
11,15,29,58,26,3
11,15,29,59,26,3
11,15,30,0,26,3
11,15,30,1,26,3
12,15,35,4,26,3
12,15,35,5,26,3
12,15,35,6,26,3
12,15,35,7,26,3
12,15,35,8,26,3
12,15,35,9,26,3
12,15,35,10,26,3
12,15,35,11,26,3
12,15,35,12,26,3
12,15,40,13,26,3
12,15,40,14,26,3
12,15,40,15,26,3
12,15,40,16,26,3
12,15,40,17,26,3
12,15,40,18,26,3
12,15,40,19,26,3
12,15,40,20,26,3
12,15,40,21,26,3
12,15,40,22,26,3
11,15,50,35,26,3
11,15,50,36,26,3
11,15,50,37,26,3
11,15,50,38,26,3
11,15,50,39,26,3
11,15,50,40,26,3
11,15,50,41,26,3
11,15,50,42,26,3
11,15,50,43,26,3
12,15,55,45,26,3
12,15,55,46,26,3
12,15,55,47,26,3
12,15,55,48,26,3
12,15,55,49,26,3
12,15,55,50,26,3
12,15,55,51,26,3
12,15,55,52,26,3
12,15,55,53,26,3
12,15,55,54,26,3
12,16,0,57,26,3
12,16,0,58,26,3
12,16,0,59,26,3
12,16,1,0,26,3
12,16,1,1,26,3
12,16,1,2,26,3
12,16,1,3,26,3
12,16,1,4,26,3
12,16,1,5,26,3
12,16,6,6,26,3
12,16,6,7,26,3
12,16,6,8,26,3
12,16,6,9,26,3
12,16,6,10,26,3
12,16,6,11,26,3
12,16,6,12,26,3
12,16,6,13,26,3
12,16,6,14,26,3
12,16,6,15,26,3
12,16,11,17,26,3
12,16,11,18,26,3
12,16,11,19,26,3
12,16,11,20,26,3
12,16,11,21,26,3
12,16,11,22,26,3
12,16,11,23,26,3
12,16,11,24,26,3
12,16,11,25,26,3
12,16,11,26,26,3
12,16,16,29,26,3
12,16,16,30,26,3
12,16,16,31,26,3
12,16,16,32,26,3
12,16,16,33,26,3
12,16,16,34,26,3
12,16,16,35,26,3
12,16,16,36,26,3
12,16,16,37,26,3
12,16,21,38,26,3
12,16,21,39,26,3
12,16,21,40,26,3
12,16,21,41,26,3
12,16,21,42,26,3
11,16,21,43,26,3
11,16,21,44,26,3
11,16,21,45,26,3
12,16,21,46,26,3
11,16,21,47,26,3
12,16,26,50,26,3
12,16,26,51,26,3
12,16,26,52,26,3
12,16,26,53,26,3
12,16,26,54,26,3
12,16,26,55,26,3
12,16,26,56,26,3
12,16,26,57,26,3
12,16,26,58,26,3
11,16,31,59,26,3
11,16,32,0,26,3
11,16,32,1,26,3
11,16,32,2,26,3
11,16,32,4,26,3
11,16,32,5,26,3
11,16,32,6,26,3
11,16,32,7,26,3
11,16,32,8,26,3
11,16,32,9,26,3
11,16,42,22,26,3
11,16,42,23,26,3
11,16,42,24,26,3
12,16,42,25,26,3
11,16,42,26,26,3
11,16,42,27,26,3
11,16,42,28,26,3
11,16,42,29,26,3
11,16,42,30,26,3
12,16,47,31,26,3
12,16,47,32,26,3
12,16,47,33,26,3
12,16,47,34,26,3
12,16,47,35,26,3
12,16,47,36,26,3
12,16,47,37,26,3
12,16,47,38,26,3
12,16,47,39,26,3
12,16,47,40,26,3
12,16,52,43,26,3
12,16,52,44,26,3
12,16,52,45,26,3
12,16,52,46,26,3
12,16,52,47,26,3
12,16,52,48,26,3
12,16,52,49,26,3
12,16,52,50,26,3
12,16,52,51,26,3
12,16,57,52,26,3
12,16,57,53,26,3
12,16,57,54,26,3
12,16,57,55,26,3
12,16,57,56,26,3
12,16,57,57,26,3
12,16,57,58,26,3
12,16,57,59,26,3
12,16,58,0,26,3
12,16,58,1,26,3
12,17,3,4,26,3
12,17,3,5,26,3
12,17,3,6,26,3
12,17,3,7,26,3
12,17,3,8,26,3
12,17,3,9,26,3
12,17,3,10,26,3
12,17,3,11,26,3
12,17,3,12,26,3
13,17,8,14,26,3
13,17,8,15,26,3
13,17,8,16,26,3
13,17,8,17,26,3
13,17,8,18,26,3
13,17,8,19,26,3
13,17,8,20,26,3
13,17,8,21,26,3
13,17,8,22,26,3
13,17,8,23,26,3
12,17,13,24,26,3
12,17,13,25,26,3
12,17,13,26,26,3
12,17,13,27,26,3
12,17,13,28,26,3
12,17,13,29,26,3
12,17,13,30,26,3
12,17,13,31,26,3
12,17,13,32,26,3
12,17,13,33,26,3
13,17,18,36,26,3
13,17,18,37,26,3
13,17,18,38,26,3
13,17,18,39,26,3
13,17,18,40,26,3
13,17,18,41,26,3
13,17,18,42,26,3
13,17,18,43,26,3
13,17,18,44,26,3
13,17,23,45,26,3
13,17,23,46,26,3
13,17,23,47,26,3
13,17,23,48,26,3
13,17,23,49,26,3
13,17,23,50,26,3
13,17,23,51,26,3
13,17,23,52,26,3
13,17,23,54,26,3
13,17,23,55,26,3
13,17,34,8,26,3
13,17,34,9,26,3
13,17,34,10,26,3
13,17,34,11,26,3
13,17,34,12,26,3
13,17,34,13,26,3
13,17,34,14,26,3
13,17,34,15,26,3
13,17,34,16,26,3
13,17,39,17,26,3
13,17,39,18,26,3
13,17,39,19,26,3
13,17,39,20,26,3
13,17,39,21,26,3
13,17,39,22,26,3
13,17,39,23,26,3
13,17,39,24,26,3
13,17,39,25,26,3
13,17,39,26,26,3
13,17,44,29,26,3
13,17,44,30,26,3
13,17,44,31,26,3
13,17,44,32,26,3
13,17,44,33,26,3
13,17,44,34,26,3
13,17,44,35,26,3
13,17,44,36,26,3
13,17,44,37,26,3
14,17,49,40,26,3
14,17,49,41,26,3
14,17,49,42,26,3
14,17,49,43,26,3
14,17,49,44,26,3
14,17,49,45,26,3
14,17,49,46,26,3
14,17,49,47,26,3
14,17,49,48,26,3
14,17,54,49,26,3
14,17,54,50,26,3
14,17,54,51,26,3
14,17,54,52,26,3
14,17,54,53,26,3
14,17,54,54,26,3
14,17,54,55,26,3
14,17,54,56,26,3
14,17,54,57,26,3
14,17,54,58,26,3
14,18,0,1,26,3
14,18,0,2,26,3
14,18,0,3,26,3
14,18,0,4,26,3
14,18,0,5,26,3
14,18,0,6,26,3
14,18,0,7,26,3
14,18,0,8,26,3
14,18,0,9,26,3
14,18,5,10,26,3
14,18,5,11,26,3
14,18,5,12,26,3
14,18,5,13,26,3
14,18,5,14,26,3
14,18,5,15,26,3
14,18,5,16,26,3
14,18,5,17,26,3
14,18,5,18,26,3
14,18,5,19,26,3
13,18,10,22,26,3
13,18,10,23,26,3
13,18,10,24,26,3
13,18,10,25,26,3
13,18,10,26,26,3
13,18,10,27,26,3
13,18,10,28,26,3
13,18,10,29,26,3
13,18,10,30,26,3
13,18,15,32,26,3
13,18,15,33,26,3
13,18,15,34,26,3
14,18,15,35,26,3
14,18,15,36,26,3
13,18,15,37,26,3
13,18,15,38,26,3
13,18,15,39,26,3
13,18,15,40,26,3
13,18,15,41,26,3
12,18,20,43,26,3
12,18,20,44,26,3
12,18,20,45,26,3
12,18,20,46,26,3
12,18,20,47,26,3
12,18,20,48,26,3
12,18,20,49,26,3
12,18,20,50,26,3
12,18,20,51,26,3
12,18,25,53,26,3
12,18,25,54,26,3
12,18,25,55,26,3
12,18,25,56,26,3
12,18,25,57,26,3
12,18,25,58,26,3
12,18,25,59,26,3
12,18,26,0,26,3
12,18,26,1,26,3
12,18,26,2,26,3
12,18,31,3,26,3
12,18,31,4,26,3
12,18,31,5,26,3
12,18,31,6,26,3
12,18,31,7,26,3
12,18,31,8,26,3
12,18,31,9,26,3
12,18,31,10,26,3
12,18,31,11,26,3
12,18,31,12,26,3
12,18,36,15,26,3
12,18,36,16,26,3
12,18,36,17,26,3
12,18,36,18,26,3
12,18,36,19,26,3
12,18,36,20,26,3
12,18,36,21,26,3
12,18,36,22,26,3
12,18,36,23,26,3
12,18,41,25,26,3
12,18,41,26,26,3
12,18,41,27,26,3
12,18,41,28,26,3
12,18,41,29,26,3
12,18,41,30,26,3
12,18,41,31,26,3
12,18,41,32,26,3
12,18,41,33,26,3
12,18,41,34,26,3
12,18,46,35,26,3
12,18,46,36,26,3
12,18,46,37,26,3
12,18,46,38,26,3
12,18,46,39,26,3
12,18,46,40,26,3
12,18,46,41,26,3
12,18,46,42,26,3
12,18,46,43,26,3
12,18,46,44,26,3
12,18,51,47,26,3
12,18,51,48,26,3
12,18,51,49,26,3
12,18,51,50,26,3
12,18,51,51,26,3
12,18,51,52,26,3
12,18,51,53,26,3
12,18,51,54,26,3
12,18,51,55,26,3
12,18,56,57,26,3
12,18,56,58,26,3
12,18,56,59,26,3
12,18,57,0,26,3
12,18,57,1,26,3
12,18,57,2,26,3
12,18,57,3,26,3
12,18,57,4,26,3
12,18,57,5,26,3
12,18,57,6,26,3
12,19,2,8,26,3
12,19,2,9,26,3
12,19,2,10,26,3
12,19,2,11,26,3
12,19,2,12,26,3
12,19,2,13,26,3
12,19,2,14,26,3
12,19,2,15,26,3
12,19,2,16,26,3
12,19,7,19,26,3
12,19,7,20,26,3
12,19,7,21,26,3
12,19,7,22,26,3
12,19,7,23,26,3
12,19,7,24,26,3
12,19,7,25,26,3
12,19,7,26,26,3
12,19,7,27,26,3
12,19,12,29,26,3
12,19,12,30,26,3
12,19,12,31,26,3
12,19,12,32,26,3
12,19,12,33,26,3
12,19,12,34,26,3
12,19,12,35,26,3
12,19,12,36,26,3
12,19,12,37,26,3
12,19,12,38,26,3
12,19,17,40,26,3
12,19,17,41,26,3
12,19,17,42,26,3
12,19,17,43,26,3
12,19,17,44,26,3
12,19,17,45,26,3
12,19,17,46,26,3
12,19,17,47,26,3
12,19,17,48,26,3
13,19,22,50,26,3
13,19,22,51,26,3
13,19,22,52,26,3
13,19,22,53,26,3
13,19,22,54,26,3
13,19,22,55,26,3
13,19,22,56,26,3
13,19,22,57,26,3
13,19,22,58,26,3
13,19,22,59,26,3
12,19,28,1,26,3
12,19,28,2,26,3
12,19,28,3,26,3
12,19,28,4,26,3
12,19,28,5,26,3
12,19,28,6,26,3
12,19,28,7,26,3
12,19,28,8,26,3
12,19,28,9,26,3
12,19,33,11,26,3
12,19,33,12,26,3
12,19,33,13,26,3
12,19,33,14,26,3
12,19,33,15,26,3
12,19,33,16,26,3
12,19,33,17,26,3
12,19,33,18,26,3
12,19,33,19,26,3
12,19,33,20,26,3
12,19,38,21,26,3
12,19,38,22,26,3
12,19,38,23,26,3
12,19,38,24,26,3
12,19,38,26,26,3
12,19,38,27,26,3
12,19,38,28,26,3
12,19,38,29,26,3
12,19,38,30,26,3
12,19,38,31,26,3
12,19,43,33,26,3
12,19,43,34,26,3
12,19,43,35,26,3
12,19,43,36,26,3
12,19,43,37,26,3
12,19,43,38,26,3
12,19,43,39,26,3
12,19,43,40,26,3
12,19,43,41,26,3
12,19,48,43,26,3
12,19,48,44,26,3
12,19,48,45,26,3
12,19,48,46,26,3
12,19,48,47,26,3
12,19,48,48,26,3
12,19,48,49,26,3
12,19,48,50,26,3
12,19,48,51,26,3
12,19,48,52,26,3
12,19,53,53,26,3
12,19,53,54,26,3
12,19,53,55,26,3
12,19,53,56,26,3
12,19,53,57,26,3
12,19,53,58,26,3
12,19,53,59,26,3
12,19,54,0,26,3
12,19,54,1,26,3
12,19,54,2,26,3
12,19,59,5,26,3
12,19,59,6,26,3
12,19,59,7,26,3
12,19,59,8,26,3
12,19,59,9,26,3
12,19,59,10,26,3
12,19,59,11,26,3
12,19,59,12,26,3
12,19,59,13,26,3
12,20,4,15,26,3
12,20,4,16,26,3
12,20,4,17,26,3
12,20,4,18,26,3
12,20,4,19,26,3
12,20,4,20,26,3
12,20,4,21,26,3
12,20,4,22,26,3
12,20,4,23,26,3
12,20,4,24,26,3
13,20,9,26,26,3
13,20,9,27,26,3
13,20,9,28,26,3
13,20,9,29,26,3
13,20,9,30,26,3
13,20,9,31,26,3
13,20,9,32,26,3
13,20,9,33,26,3
13,20,9,34,26,3
13,20,14,37,26,3
13,20,14,38,26,3
13,20,14,39,26,3
13,20,14,40,26,3
13,20,14,41,26,3
13,20,14,42,26,3
13,20,14,43,26,3
13,20,14,44,26,3
13,20,14,45,26,3
13,20,19,47,26,3
13,20,19,48,26,3
13,20,19,49,26,3
13,20,19,50,26,3
13,20,19,51,26,3
13,20,19,52,26,3
13,20,19,53,26,3
13,20,19,54,26,3
13,20,19,55,26,3
13,20,19,56,26,3
13,20,24,58,26,3
13,20,24,59,26,3
13,20,25,0,26,3
13,20,25,1,26,3
13,20,25,2,26,3
13,20,25,3,26,3
13,20,25,4,26,3
13,20,25,5,26,3
13,20,25,6,26,3
13,20,30,8,26,3
13,20,30,9,26,3
13,20,30,10,26,3
13,20,30,11,26,3
13,20,30,12,26,3
13,20,30,13,26,3
13,20,30,14,26,3
13,20,30,15,26,3
13,20,30,16,26,3
13,20,30,17,26,3
12,20,35,19,26,3
12,20,35,20,26,3
12,20,35,21,26,3
12,20,35,22,26,3
12,20,35,23,26,3
12,20,35,24,26,3
12,20,35,25,26,3
12,20,35,26,26,3
12,20,35,27,26,3
12,20,40,30,26,3
12,20,40,31,26,3
12,20,40,32,26,3
12,20,40,33,26,3
12,20,40,34,26,3
12,20,40,35,26,3
12,20,40,36,26,3
12,20,40,37,26,3
12,20,40,38,26,3
12,20,45,40,26,3
12,20,45,41,26,3
12,20,45,42,26,3
12,20,45,43,26,3
12,20,45,44,26,3
12,20,45,45,26,3
12,20,45,46,26,3
12,20,45,47,26,3
12,20,45,48,26,3
12,20,45,49,26,3
13,20,50,51,26,3
13,20,50,52,26,3
13,20,50,53,26,3
13,20,50,54,26,3
13,20,50,55,26,3
13,20,50,56,26,3
13,20,50,57,26,3
13,20,50,58,26,3
13,20,50,59,26,3
13,20,56,1,26,3
13,20,56,2,26,3
13,20,56,3,26,3
13,20,56,4,26,3
13,20,56,5,26,3
13,20,56,6,26,3
13,20,56,7,26,3
13,20,56,8,26,3
13,20,56,9,26,3
13,20,56,10,26,3
14,21,1,13,26,3
14,21,1,14,26,3
14,21,1,15,26,3
15,21,6,23,26,3
15,21,6,24,26,3
15,21,6,25,26,3
15,21,6,26,26,3
15,21,6,27,26,3
15,21,6,28,26,3
15,21,6,29,26,3
15,21,6,30,26,3
15,21,6,31,26,3
16,21,11,33,26,3
16,21,11,34,26,3
16,21,11,35,26,3
16,21,11,36,26,3
16,21,11,37,26,3
16,21,11,38,26,3
16,21,11,39,26,3
16,21,11,40,26,3
16,21,11,41,26,3
16,21,11,42,26,3
18,21,16,44,26,3
18,21,16,45,26,3
18,21,16,46,26,3
18,21,16,47,26,3
18,21,16,48,26,3
18,21,16,49,26,3
18,21,16,50,26,3
18,21,16,51,26,3
18,21,16,52,26,3
19,21,21,54,26,3
19,21,21,55,26,3
19,21,21,56,26,3
19,21,21,57,26,3
19,21,21,58,26,3
19,21,21,59,26,3
19,21,22,0,26,3
19,21,22,1,26,3
19,21,22,2,26,3
19,21,22,3,26,3
18,21,27,6,26,3
18,21,27,7,26,3
18,21,27,8,26,3
18,21,27,9,26,3
17,21,27,10,26,3
17,21,27,11,26,3
17,21,27,12,26,3
17,21,27,13,26,3
17,21,27,14,26,3
17,21,32,16,26,3
17,21,32,17,26,3
17,21,32,18,26,3
17,21,32,19,26,3
17,21,32,20,26,3
17,21,32,21,26,3
17,21,32,22,26,3
17,21,32,23,26,3
17,21,32,24,26,3
17,21,37,26,26,3
17,21,37,27,26,3
17,21,37,28,26,3
17,21,37,29,26,3
17,21,37,30,26,3
17,21,37,31,26,3
17,21,37,32,26,3
17,21,37,33,26,3
17,21,37,34,26,3
17,21,37,35,26,3
17,21,42,37,26,3
17,21,42,38,26,3
17,21,42,39,26,3
17,21,42,40,26,3
17,21,42,41,26,3
17,21,42,42,26,3
17,21,42,43,26,3
17,21,42,44,26,3
17,21,42,45,26,3
18,21,47,47,26,3
18,21,47,48,26,3
18,21,47,49,26,3
18,21,47,50,26,3
18,21,47,51,26,3
18,21,47,52,26,3
18,21,47,53,26,3
18,21,47,54,26,3
18,21,47,55,26,3
18,21,47,56,26,3
17,21,52,58,26,3
17,21,52,59,26,3
17,21,53,0,26,3
17,21,53,1,26,3
17,21,53,2,26,3
17,21,53,3,26,3
17,21,53,4,26,3
17,21,53,5,26,3
17,21,53,6,26,3
17,21,58,8,26,3
17,21,58,9,26,3
17,21,58,10,26,3
17,21,58,11,26,3
17,21,58,12,26,3
17,21,58,13,26,3
17,21,58,14,26,3
17,21,58,15,26,3
17,21,58,16,26,3
17,21,58,17,26,3
16,22,3,25,26,3
16,22,3,26,26,3
16,22,3,27,26,3
16,22,3,28,26,3
16,22,8,30,26,3
16,22,8,31,26,3
16,22,8,32,26,3
16,22,8,33,26,3
16,22,8,34,26,3
16,22,8,35,26,3
16,22,8,36,26,3
16,22,8,37,26,3
16,22,8,38,26,3
16,22,13,40,26,3
16,22,13,41,26,3
16,22,13,42,26,3
16,22,13,43,26,3
16,22,13,44,26,3
16,22,13,45,26,3
16,22,13,46,26,3
16,22,13,47,26,3
16,22,13,48,26,3
16,22,13,49,26,3
16,22,18,52,26,3
16,22,18,53,26,3
16,22,18,54,26,3
16,22,18,55,26,3
16,22,18,56,26,3
16,22,18,57,26,3
16,22,18,58,26,3
16,22,18,59,26,3
16,22,19,0,26,3
15,22,24,2,26,3
15,22,24,3,26,3
15,22,24,4,26,3
15,22,24,5,26,3
15,22,24,6,26,3
15,22,24,7,26,3
15,22,24,8,26,3
15,22,24,9,26,3
15,22,24,10,26,3
14,22,29,12,26,3
14,22,29,13,26,3
14,22,29,14,26,3
14,22,29,15,26,3
14,22,29,16,26,3
14,22,29,17,26,3
14,22,29,18,26,3
14,22,29,19,26,3
14,22,29,20,26,3
14,22,29,21,26,3
13,22,34,23,26,3
13,22,34,24,26,3
13,22,34,25,26,3
13,22,34,26,26,3
13,22,34,27,26,3
13,22,34,28,26,3
13,22,34,29,26,3
13,22,34,30,26,3
13,22,34,31,26,3
13,22,39,33,26,3
13,22,39,34,26,3
13,22,39,35,26,3
13,22,39,36,26,3
13,22,39,37,26,3
13,22,39,38,26,3
13,22,39,39,26,3
13,22,39,40,26,3
13,22,39,41,26,3
13,22,39,42,26,3
12,22,44,45,26,3
12,22,44,46,26,3
12,22,44,47,26,3
12,22,44,48,26,3
12,22,44,49,26,3
12,22,44,50,26,3
12,22,44,51,26,3
12,22,49,55,26,3
12,22,49,56,26,3
12,22,49,57,26,3
12,22,49,58,26,3
12,22,49,59,26,3
12,22,50,0,26,3
12,22,50,1,26,3
12,22,50,2,26,3
12,22,50,3,26,3
11,22,55,5,26,3
11,22,55,6,26,3
11,22,55,7,26,3
11,22,55,8,26,3
11,22,55,9,26,3
11,22,55,10,26,3
11,22,55,11,26,3
11,22,55,12,26,3
11,22,55,13,26,3
11,22,55,14,26,3
11,23,0,17,26,3
11,23,0,18,26,3
11,23,0,19,26,3
11,23,0,20,26,3
11,23,0,21,26,3
11,23,0,22,26,3
11,23,0,23,26,3
11,23,0,24,26,3
11,23,0,25,26,3
12,23,5,26,26,3
12,23,5,27,26,3
12,23,5,28,26,3
12,23,5,29,26,3
12,23,5,30,26,3
12,23,5,31,26,3
12,23,5,32,26,3
12,23,5,33,26,3
12,23,5,34,26,3
12,23,5,35,26,3
14,23,10,37,26,3
14,23,10,38,26,3
14,23,10,39,26,3
14,23,10,40,26,3
14,23,10,41,26,3
14,23,10,42,26,3
14,23,10,43,26,3
14,23,10,44,26,3
14,23,10,45,26,3
14,23,10,46,26,3
15,23,15,48,26,3
15,23,15,49,26,3
15,23,15,50,26,3
15,23,15,51,26,3
15,23,15,52,26,3
15,23,15,53,26,3
15,23,15,54,26,3
15,23,15,55,26,3
15,23,15,57,26,3
15,23,20,58,26,3
15,23,20,59,26,3
15,23,21,0,26,3
15,23,21,1,26,3
15,23,21,2,26,3
15,23,21,3,26,3
15,23,21,4,26,3
15,23,21,5,26,3
15,23,21,6,26,3
15,23,21,7,26,3
15,23,26,10,26,3
15,23,26,11,26,3
15,23,26,12,26,3
15,23,26,13,26,3
15,23,26,14,26,3
15,23,26,15,26,3
15,23,26,16,26,3
15,23,26,17,26,3
15,23,26,18,26,3
16,23,31,20,26,3
16,23,31,21,26,3
16,23,31,22,26,3
16,23,31,23,26,3
16,23,31,24,26,3
16,23,31,25,26,3
16,23,31,26,26,3
16,23,31,27,26,3
16,23,31,28,26,3
17,23,36,30,26,3
17,23,36,31,26,3
17,23,36,32,26,3
17,23,36,33,26,3
17,23,36,34,26,3
17,23,36,35,26,3
17,23,36,36,26,3
17,23,36,37,26,3
17,23,36,38,26,3
17,23,36,39,26,3
16,23,41,42,26,3
16,23,41,43,26,3
16,23,41,44,26,3
16,23,41,45,26,3
16,23,41,46,26,3
16,23,41,47,26,3
16,23,41,48,26,3
16,23,41,49,26,3
16,23,41,50,26,3
16,23,46,51,26,3
16,23,46,52,26,3
16,23,46,53,26,3
16,23,46,54,26,3
16,23,46,55,26,3
16,23,46,56,26,3
16,23,46,57,26,3
16,23,46,58,26,3
16,23,46,59,26,3
16,23,47,0,26,3
17,23,52,3,26,3
17,23,52,4,26,3
17,23,52,5,26,3
17,23,52,6,26,3
17,23,52,7,26,3
17,23,52,8,26,3
17,23,52,9,26,3
17,23,52,10,26,3
17,23,57,13,26,3
17,23,57,15,26,3
17,23,57,16,26,3
17,23,57,17,26,3
17,23,57,18,26,3
17,23,57,19,26,3
17,23,57,20,26,3
17,23,57,21,26,3
17,23,57,22,26,3
16,0,2,23,27,3
16,0,2,24,27,3
16,0,2,25,27,3
16,0,2,26,27,3
16,0,2,27,27,3
16,0,2,28,27,3
16,0,2,29,27,3
16,0,2,30,27,3
16,0,2,31,27,3
16,0,2,32,27,3
16,0,7,35,27,3
16,0,7,36,27,3
16,0,7,37,27,3
16,0,7,38,27,3
16,0,7,39,27,3
16,0,7,40,27,3
16,0,7,41,27,3
16,0,7,42,27,3
16,0,7,43,27,3
15,0,12,45,27,3
15,0,12,46,27,3
15,0,12,47,27,3
15,0,12,48,27,3
15,0,12,49,27,3
15,0,12,50,27,3
15,0,12,51,27,3
15,0,12,52,27,3
15,0,12,53,27,3
15,0,17,55,27,3
15,0,17,56,27,3
15,0,17,57,27,3
15,0,17,58,27,3
15,0,17,59,27,3
15,0,18,0,27,3
15,0,18,1,27,3
15,0,18,2,27,3
15,0,18,3,27,3
15,0,18,4,27,3
15,0,23,7,27,3
15,0,23,8,27,3
15,0,23,9,27,3
15,0,23,10,27,3
15,0,23,11,27,3
15,0,23,12,27,3
15,0,23,13,27,3
15,0,23,14,27,3
15,0,23,15,27,3
14,0,28,16,27,3
14,0,28,17,27,3
14,0,28,18,27,3
14,0,28,19,27,3
14,0,28,20,27,3
14,0,28,21,27,3
14,0,28,22,27,3
14,0,28,23,27,3
14,0,28,24,27,3
14,0,28,25,27,3
14,0,33,27,27,3
14,0,33,28,27,3
14,0,33,29,27,3
14,0,33,30,27,3
14,0,33,31,27,3
14,0,33,32,27,3
14,0,33,33,27,3
14,0,33,34,27,3
14,0,33,35,27,3
14,0,33,36,27,3
14,0,38,39,27,3
14,0,38,40,27,3
14,0,38,41,27,3
14,0,38,42,27,3
14,0,38,43,27,3
14,0,38,44,27,3
14,0,38,45,27,3
14,0,38,46,27,3
14,0,38,47,27,3
14,0,43,48,27,3
14,0,43,49,27,3
14,0,43,50,27,3
14,0,43,51,27,3
14,0,43,52,27,3
14,0,43,53,27,3
14,0,43,54,27,3
14,0,43,55,27,3
14,0,43,56,27,3
14,0,43,57,27,3
14,0,49,0,27,3
14,0,49,1,27,3
14,0,49,2,27,3
14,0,49,3,27,3
14,0,49,4,27,3
14,0,49,5,27,3
14,0,49,6,27,3
14,0,49,7,27,3
14,0,49,8,27,3
13,0,54,9,27,3
13,0,54,10,27,3
13,0,54,11,27,3
13,0,54,12,27,3
13,0,54,13,27,3
13,0,54,14,27,3
13,0,54,15,27,3
13,0,54,16,27,3
13,0,54,17,27,3
13,0,54,18,27,3
14,0,59,20,27,3
14,0,59,21,27,3
14,0,59,22,27,3
14,0,59,23,27,3
14,0,59,24,27,3
14,0,59,25,27,3
14,0,59,26,27,3
14,0,59,27,27,3
14,0,59,28,27,3
14,0,59,29,27,3
14,1,4,32,27,3
14,1,4,33,27,3
14,1,4,34,27,3
14,1,4,35,27,3
14,1,4,36,27,3
14,1,4,37,27,3
14,1,4,38,27,3
14,1,4,39,27,3
14,1,4,40,27,3
14,1,9,41,27,3
14,1,9,42,27,3
14,1,9,43,27,3
14,1,9,44,27,3
14,1,9,45,27,3
14,1,9,46,27,3
13,1,9,47,27,3
13,1,9,48,27,3
13,1,9,49,27,3
13,1,9,50,27,3
13,1,14,53,27,3
13,1,14,54,27,3
13,1,14,55,27,3
13,1,14,56,27,3
13,1,14,57,27,3
13,1,14,58,27,3
13,1,14,59,27,3
13,1,15,0,27,3
13,1,15,1,27,3
13,1,20,4,27,3
13,1,20,5,27,3
13,1,20,6,27,3
13,1,20,7,27,3
13,1,20,8,27,3
14,1,20,9,27,3
14,1,20,10,27,3
14,1,20,11,27,3
14,1,20,12,27,3
14,1,25,13,27,3
14,1,25,14,27,3
14,1,25,15,27,3
14,1,25,16,27,3
14,1,25,17,27,3
14,1,25,18,27,3
14,1,25,19,27,3
14,1,25,20,27,3
14,1,25,21,27,3
14,1,25,22,27,3
15,1,30,25,27,3
15,1,30,26,27,3
15,1,30,27,27,3
15,1,30,28,27,3
15,1,30,29,27,3
15,1,30,30,27,3
15,1,30,31,27,3
15,1,30,32,27,3
15,1,30,33,27,3
15,1,35,35,27,3
15,1,35,36,27,3
15,1,35,37,27,3
15,1,35,38,27,3
15,1,35,39,27,3
15,1,35,40,27,3
15,1,35,41,27,3
15,1,35,42,27,3
15,1,35,43,27,3
15,1,35,44,27,3
15,1,40,45,27,3
15,1,40,46,27,3
15,1,40,47,27,3
15,1,40,48,27,3
15,1,40,49,27,3
15,1,40,50,27,3
15,1,40,51,27,3
15,1,40,52,27,3
15,1,40,53,27,3
15,1,40,54,27,3
15,1,45,57,27,3
15,1,45,58,27,3
15,1,45,59,27,3
15,1,46,0,27,3
15,1,46,1,27,3
15,1,46,2,27,3
15,1,46,3,27,3
15,1,46,4,27,3
15,1,46,5,27,3
16,1,51,6,27,3
16,1,51,7,27,3
16,1,51,8,27,3
16,1,51,9,27,3
15,1,51,10,27,3
16,1,51,11,27,3
16,1,51,12,27,3
16,1,51,13,27,3
16,1,51,14,27,3
16,1,51,15,27,3
16,1,56,18,27,3
16,1,56,19,27,3
16,1,56,20,27,3
16,1,56,21,27,3
15,1,56,22,27,3
15,1,56,23,27,3
15,1,56,24,27,3
15,1,56,25,27,3
15,1,56,26,27,3
16,2,1,29,27,3
16,2,1,30,27,3
16,2,1,31,27,3
16,2,1,32,27,3
16,2,1,33,27,3
16,2,1,34,27,3
16,2,1,35,27,3
16,2,1,36,27,3
16,2,1,37,27,3
16,2,6,38,27,3
16,2,6,39,27,3
16,2,6,40,27,3
16,2,6,41,27,3
16,2,6,42,27,3
16,2,6,43,27,3
16,2,6,44,27,3
16,2,6,45,27,3
16,2,6,46,27,3
16,2,6,47,27,3
16,2,11,50,27,3
16,2,11,51,27,3
16,2,11,52,27,3
16,2,11,53,27,3
16,2,11,54,27,3
16,2,11,55,27,3
16,2,11,56,27,3
16,2,11,57,27,3
16,2,11,58,27,3
16,2,16,59,27,3
16,2,17,0,27,3
16,2,17,1,27,3
16,2,17,2,27,3
16,2,17,3,27,3
16,2,17,4,27,3
16,2,17,5,27,3
16,2,17,6,27,3
16,2,17,7,27,3
16,2,17,8,27,3
10,2,17,15,27,3
10,2,17,16,27,3
10,2,17,17,27,3
10,2,17,18,27,3
10,2,17,19,27,3
10,2,17,20,27,3
10,2,17,21,27,3
10,2,17,22,27,3
10,2,17,23,27,3
11,8,44,7,27,3
11,8,44,8,27,3
11,8,44,9,27,3
