4,15,44,56,1
4,15,50,5,1
4,15,55,17,1
4,16,0,28,1
4,16,5,37,1
4,16,10,49,1
5,16,15,59,1
5,16,21,9,1
5,16,26,21,1
6,16,31,32,1
5,16,36,41,1
5,16,41,53,1
5,16,47,3,1
5,16,52,13,1
5,16,57,25,1
5,17,2,36,1
5,17,7,45,1
5,17,12,57,1
5,17,18,6,1
5,17,23,18,1
5,17,28,29,1
5,17,33,38,1
5,17,38,50,1
5,17,44,0,1
5,17,49,10,1
5,17,54,22,1
5,17,59,32,1
5,18,4,43,1
7,20,57,55,1
7,21,3,13,1
7,21,8,24,1
7,21,13,34,1
7,21,18,45,1
7,21,23,56,1
7,21,29,6,1
7,21,34,17,1
8,21,39,28,1
8,21,44,38,1
7,21,49,49,1
8,21,55,0,1
8,22,0,10,1
8,22,5,21,1
8,22,10,31,1
8,22,13,11,1
8,22,15,42,1
8,22,19,20,1
8,22,24,31,1
8,22,29,42,1
8,22,34,52,1
8,22,40,3,1
9,22,45,13,1