4,15,43,7,1
4,15,48,18,1
4,15,53,29,1
4,15,58,39,1
4,16,3,50,1
4,16,9,0,1
4,16,14,11,1
5,16,19,22,1
5,16,24,32,1
5,16,29,46,1
4,16,34,53,1
4,16,40,5,1
4,16,45,16,1
4,16,50,25,1
4,16,55,37,1
4,17,0,46,1
4,17,5,57,1
4,17,11,9,1
4,17,16,19,1
4,17,21,30,1
4,17,26,41,1
4,17,31,50,1
4,17,37,2,1
4,17,42,13,1
4,17,47,22,1
4,17,52,34,1
4,17,57,44,1
4,18,2,54,1
4,18,59,51,1
6,20,58,58,1
5,21,4,8,1
5,21,9,19,1
6,21,14,29,1
6,21,19,40,1
5,21,24,51,1
6,21,30,1,1
6,21,35,12,1
6,21,40,23,1
6,21,45,33,1
6,21,50,44,1
6,21,55,54,1
6,22,1,6,1
6,22,6,16,1
6,22,11,26,1
6,22,16,38,1
6,22,21,48,1
6,22,26,58,1
7,22,32,9,1
7,22,37,20,1
7,22,42,30,1
8,22,47,41,1
