7,16,47,49,28,3
7,16,47,50,28,3
7,16,47,51,28,3
7,16,47,52,28,3
7,16,52,53,28,3
7,16,52,54,28,3
7,16,52,55,28,3
7,16,52,56,28,3
7,16,52,57,28,3
6,16,57,53,28,3
6,16,57,54,28,3
6,16,57,55,28,3
6,16,57,56,28,3
6,16,57,57,28,3
7,17,2,59,28,3
7,17,3,0,28,3
7,17,3,1,28,3
7,17,3,2,28,3
7,17,8,0,28,3
7,17,8,1,28,3
7,17,8,2,28,3
7,17,8,3,28,3
6,17,13,5,28,3
6,17,13,6,28,3
6,17,13,7,28,3
6,17,13,8,28,3
6,17,18,5,28,3
6,17,18,6,28,3
6,17,18,7,28,3
6,17,18,8,28,3
6,17,18,9,28,3
7,17,23,9,28,3
7,17,23,10,28,3
6,17,23,11,28,3
6,17,23,13,28,3
6,17,23,14,28,3
6,17,28,10,28,3
6,17,28,11,28,3
6,17,28,12,28,3
6,17,28,13,28,3
6,17,28,14,28,3
6,17,33,16,28,3
6,17,33,17,28,3
6,17,33,18,28,3
6,17,33,19,28,3
6,17,38,17,28,3
6,17,38,18,28,3
6,17,38,19,28,3
6,17,38,20,28,3
6,17,43,21,28,3
6,17,43,22,28,3
6,17,43,23,28,3
6,17,43,24,28,3
6,17,43,25,28,3
6,17,48,23,28,3
6,17,48,24,28,3
6,17,48,25,28,3
6,17,48,26,28,3
6,17,53,26,28,3
6,17,53,27,28,3
6,17,53,28,28,3
5,17,53,30,28,3
6,17,53,31,28,3
6,17,58,28,28,3
6,17,58,29,28,3
6,17,58,30,28,3
6,17,58,31,28,3
6,17,58,32,28,3
6,18,3,33,28,3
6,18,3,34,28,3
6,18,3,35,28,3
6,18,3,36,28,3
5,18,8,34,28,3
5,18,8,35,28,3
5,18,8,36,28,3
5,18,8,37,28,3
6,18,13,38,28,3
6,18,13,39,28,3
6,18,13,40,28,3
6,18,13,41,28,3
6,18,13,42,28,3
6,18,18,39,28,3
6,18,18,40,28,3
6,18,18,41,28,3
6,18,18,42,28,3
6,18,18,43,28,3
6,18,23,44,28,3
6,18,23,45,28,3
6,18,23,46,28,3
5,18,28,45,28,3
5,18,28,46,28,3
5,18,28,47,28,3
5,18,28,48,28,3
5,18,28,49,28,3
6,18,33,50,28,3
6,18,33,51,28,3
6,18,33,52,28,3
6,18,33,53,28,3
6,18,38,51,28,3
6,18,38,52,28,3
6,18,38,53,28,3
6,18,38,54,28,3
5,18,43,55,28,3
5,18,43,56,28,3
5,18,43,57,28,3
5,18,43,58,28,3
5,18,43,59,28,3
5,18,48,57,28,3
5,18,48,58,28,3
5,18,48,59,28,3
5,18,49,0,28,3
5,18,54,1,28,3
5,18,54,2,28,3
5,18,54,3,28,3
5,18,54,4,28,3
5,18,54,5,28,3
6,18,59,2,28,3
6,18,59,3,28,3
6,18,59,4,28,3
6,18,59,5,28,3
6,18,59,6,28,3
6,19,4,7,28,3
6,19,4,8,28,3
6,19,4,9,28,3
6,19,4,10,28,3
6,19,9,8,28,3
6,19,9,10,28,3
6,19,9,11,28,3
6,19,9,12,28,3
6,19,14,12,28,3
6,19,14,13,28,3
6,19,14,14,28,3
6,19,14,15,28,3
6,19,14,16,28,3
6,19,19,14,28,3
6,19,19,15,28,3
6,19,19,16,28,3
6,19,19,17,28,3
6,19,24,18,28,3
6,19,24,19,28,3
6,19,24,20,28,3
6,19,24,21,28,3
6,19,24,22,28,3
6,19,29,19,28,3
6,19,29,20,28,3
6,19,29,21,28,3
6,19,29,22,28,3
6,19,29,23,28,3
6,19,34,24,28,3
6,19,34,25,28,3
6,19,34,26,28,3
6,19,34,27,28,3
6,19,39,26,28,3
6,19,39,27,28,3
6,19,39,28,28,3
6,19,39,29,28,3
6,19,44,30,28,3
6,19,44,31,28,3
6,19,44,32,28,3
6,19,44,33,28,3
6,19,49,31,28,3
6,19,49,32,28,3
6,19,49,33,28,3
6,19,49,34,28,3
6,19,54,35,28,3
6,19,54,36,28,3
6,19,54,37,28,3
6,19,54,38,28,3
6,19,54,39,28,3
6,19,59,36,28,3
6,19,59,37,28,3
6,19,59,38,28,3
6,19,59,39,28,3
6,19,59,40,28,3
6,20,4,41,28,3
6,20,4,42,28,3
6,20,4,43,28,3
6,20,4,44,28,3
6,20,9,43,28,3
6,20,9,44,28,3
6,20,9,45,28,3
6,20,9,46,28,3
6,20,14,47,28,3
6,20,14,48,28,3
6,20,14,49,28,3
6,20,14,50,28,3
6,20,19,48,28,3
6,20,19,49,28,3
6,20,19,50,28,3
6,20,19,51,28,3
6,20,24,52,28,3
6,20,24,53,28,3
6,20,24,54,28,3
6,20,24,55,28,3
6,20,24,56,28,3
6,20,29,53,28,3
6,20,29,54,28,3
6,20,29,55,28,3
6,20,29,56,28,3
6,20,29,57,28,3
6,20,34,59,28,3
6,20,35,0,28,3
6,20,35,1,28,3
6,20,35,2,28,3
6,20,39,59,28,3
6,20,40,0,28,3
6,20,40,1,28,3
6,20,40,2,28,3
6,20,40,3,28,3
6,20,45,4,28,3
6,20,45,5,28,3
6,20,45,6,28,3
6,20,45,7,28,3
6,20,50,5,28,3
6,20,50,6,28,3
6,20,50,7,28,3
6,20,50,8,28,3
7,20,55,9,28,3
7,20,55,10,28,3
6,20,55,11,28,3
6,20,55,12,28,3
6,20,55,13,28,3
6,21,0,10,28,3
6,21,0,11,28,3
6,21,0,12,28,3
6,21,0,13,28,3
6,21,0,14,28,3
7,21,5,16,28,3
7,21,5,17,28,3
7,21,5,18,28,3
7,21,5,19,28,3
7,21,10,16,28,3
7,21,10,17,28,3
7,21,10,18,28,3
7,21,10,19,28,3
7,21,10,20,28,3
7,21,15,20,28,3
7,21,15,21,28,3
7,21,15,22,28,3
7,21,15,23,28,3
7,21,15,24,28,3
7,21,20,22,28,3
6,21,20,24,28,3
6,21,20,25,28,3
7,21,20,26,28,3
7,21,25,26,28,3
7,21,25,27,28,3
7,21,25,28,28,3
7,21,25,29,28,3
7,21,25,30,28,3
7,21,30,27,28,3
7,21,30,28,28,3
7,21,30,29,28,3
7,21,30,30,28,3
7,21,30,31,28,3
7,21,35,33,28,3
7,21,35,34,28,3
7,21,35,35,28,3
7,21,35,36,28,3
7,21,40,33,28,3
7,21,40,34,28,3
7,21,40,35,28,3
7,21,40,36,28,3
7,21,40,37,28,3
7,21,45,38,28,3
7,21,45,39,28,3
7,21,45,40,28,3
7,21,45,41,28,3
7,21,50,40,28,3
7,21,50,41,28,3
7,21,50,42,28,3
7,21,50,43,28,3
7,21,55,43,28,3
7,21,55,44,28,3
7,21,55,45,28,3
7,21,55,46,28,3
7,21,55,47,28,3
7,22,0,44,28,3
7,22,0,45,28,3
7,22,0,46,28,3
7,22,0,47,28,3
7,22,0,48,28,3
7,22,5,53,28,3
7,22,10,50,28,3
7,22,10,51,28,3
7,22,10,52,28,3
7,22,10,53,28,3
7,22,10,54,28,3
8,22,15,56,28,3
7,22,15,57,28,3
7,22,15,58,28,3
7,22,15,59,28,3
8,22,20,57,28,3
8,22,20,58,28,3
8,22,20,59,28,3
8,22,21,0,28,3
8,22,26,0,28,3
8,22,26,1,28,3
8,22,26,2,28,3
8,22,26,3,28,3
8,22,26,4,28,3
9,22,31,1,28,3
9,22,31,2,28,3
9,22,31,3,28,3
9,22,31,4,28,3
9,22,31,5,28,3
10,22,36,6,28,3
10,22,36,7,28,3
10,22,36,8,28,3
10,22,36,9,28,3
10,22,36,10,28,3
10,22,41,7,28,3
10,22,41,8,28,3
10,22,41,9,28,3
10,22,41,10,28,3
10,22,41,11,28,3
10,22,46,13,28,3
10,22,46,14,28,3
10,22,46,15,28,3
10,22,46,16,28,3
10,22,51,14,28,3
10,22,51,15,28,3
10,22,51,16,28,3
10,22,51,17,28,3
11,22,56,18,28,3
11,22,56,20,28,3
11,22,56,21,28,3
11,22,56,22,28,3
10,23,1,20,28,3
10,23,1,21,28,3
10,23,1,22,28,3
10,23,1,23,28,3
9,23,6,23,28,3
9,23,6,24,28,3
9,23,6,25,28,3
9,23,6,26,28,3
9,23,6,27,28,3
9,23,11,24,28,3
9,23,11,25,28,3
9,23,11,26,28,3
9,23,11,27,28,3
9,23,11,28,28,3
8,23,16,30,28,3
8,23,16,31,28,3
8,23,16,32,28,3
8,23,16,33,28,3
8,23,21,31,28,3
8,23,21,32,28,3
8,23,21,33,28,3
8,23,21,34,28,3
8,23,26,36,28,3
8,23,26,37,28,3
8,23,26,38,28,3
8,23,26,39,28,3
7,23,31,36,28,3
7,23,31,37,28,3
7,23,31,38,28,3
7,23,31,39,28,3
7,23,31,40,28,3
7,23,36,40,28,3
7,23,36,41,28,3
7,23,36,42,28,3
7,23,36,43,28,3
7,23,36,44,28,3
7,23,41,41,28,3
7,23,41,42,28,3
7,23,41,43,28,3
7,23,41,44,28,3
7,23,41,45,28,3
7,23,46,47,28,3
7,23,46,48,28,3
7,23,46,49,28,3
7,23,46,50,28,3
7,23,51,48,28,3
7,23,51,49,28,3
7,23,51,50,28,3
7,23,51,51,28,3
6,23,56,52,28,3
6,23,56,53,28,3
6,23,56,54,28,3
6,23,56,55,28,3
6,23,56,56,28,3
6,0,1,53,29,3
6,0,1,54,29,3
6,0,1,55,29,3
6,0,1,56,29,3
6,0,1,57,29,3
6,0,6,57,29,3
6,0,6,58,29,3
6,0,6,59,29,3
6,0,7,0,29,3
6,0,7,1,29,3
6,0,11,58,29,3
6,0,11,59,29,3
6,0,12,0,29,3
6,0,12,1,29,3
6,0,12,2,29,3
6,0,17,4,29,3
6,0,17,5,29,3
6,0,17,6,29,3
6,0,17,7,29,3
6,0,22,5,29,3
6,0,22,6,29,3
6,0,22,7,29,3
6,0,22,8,29,3
6,0,27,10,29,3
6,0,27,11,29,3
6,0,27,12,29,3
6,0,27,13,29,3
6,0,32,11,29,3
6,0,32,12,29,3
6,0,32,13,29,3
6,0,32,14,29,3
6,0,37,14,29,3
6,0,37,15,29,3
6,0,37,16,29,3
6,0,37,17,29,3
6,0,37,18,29,3
6,0,42,15,29,3
6,0,42,16,29,3
6,0,42,17,29,3
6,0,42,18,29,3
6,0,42,19,29,3
5,0,47,21,29,3
5,0,47,22,29,3
5,0,52,22,29,3
5,0,52,23,29,3
5,0,52,24,29,3
5,0,52,25,29,3
5,0,57,27,29,3
5,0,57,28,29,3
5,0,57,29,29,3
5,0,57,30,29,3
7,1,2,28,29,3
7,1,2,29,29,3
7,1,2,30,29,3
7,1,2,31,29,3
6,1,7,32,29,3
6,1,7,33,29,3
6,1,7,34,29,3
6,1,7,35,29,3
6,1,7,36,29,3
5,1,12,33,29,3
5,1,12,34,29,3
5,1,12,35,29,3
5,1,12,36,29,3
5,1,12,37,29,3
5,1,17,38,29,3
5,1,17,39,29,3
5,1,22,39,29,3
5,1,22,40,29,3
5,1,22,41,29,3
5,1,22,42,29,3
5,1,27,44,29,3
5,1,27,45,29,3
5,1,27,46,29,3
5,1,27,47,29,3
4,1,32,45,29,3
4,1,32,46,29,3
4,1,32,47,29,3
4,1,32,48,29,3
4,1,37,49,29,3
4,1,37,50,29,3
4,1,37,51,29,3
4,1,37,52,29,3
4,1,37,53,29,3
4,1,42,50,29,3
4,1,42,51,29,3
4,1,42,52,29,3
4,1,42,53,29,3
4,1,42,54,29,3
4,1,47,55,29,3
4,1,47,56,29,3
4,1,47,57,29,3
4,1,58,1,29,3
4,1,58,2,29,3
4,1,58,3,29,3
4,1,58,4,29,3
4,2,3,2,29,3
4,2,3,3,29,3
4,2,3,4,29,3
4,2,3,5,29,3
4,2,8,6,29,3
4,2,8,7,29,3
4,2,8,8,29,3
4,2,8,9,29,3
4,2,8,10,29,3
4,2,13,7,29,3
4,2,13,8,29,3
4,2,13,9,29,3
4,2,13,10,29,3
4,2,13,11,29,3
4,2,18,11,29,3
4,2,18,12,29,3
4,2,18,13,29,3
4,2,18,14,29,3
4,2,18,16,29,3
4,2,23,12,29,3
4,2,23,13,29,3
4,2,23,14,29,3
4,2,23,15,29,3
4,2,23,16,29,3
4,2,28,18,29,3
4,2,28,19,29,3
4,2,28,20,29,3
4,2,28,21,29,3
4,2,33,19,29,3
4,2,33,20,29,3
4,2,33,21,29,3
4,2,33,22,29,3
4,2,38,23,29,3
4,2,38,24,29,3
4,2,38,25,29,3
4,2,38,26,29,3
4,2,38,27,29,3
4,2,43,25,29,3
4,2,43,26,29,3
4,2,43,27,29,3
4,2,43,28,29,3
4,2,48,29,29,3
4,2,53,30,29,3
4,2,53,31,29,3
4,2,53,32,29,3
4,2,53,33,29,3
4,2,53,34,29,3
4,2,58,35,29,3
4,2,58,36,29,3
4,2,58,37,29,3
4,2,58,38,29,3
4,3,3,36,29,3
4,3,3,37,29,3
4,3,3,38,29,3
4,3,8,40,29,3
4,3,8,41,29,3
4,3,8,42,29,3
4,3,8,43,29,3
4,3,8,44,29,3
4,3,13,42,29,3
4,3,13,43,29,3
4,3,13,44,29,3
4,3,13,45,29,3
4,3,18,46,29,3
4,3,18,47,29,3
4,3,18,48,29,3
4,3,18,49,29,3
4,3,23,47,29,3
4,3,23,48,29,3
4,3,23,49,29,3
4,3,23,50,29,3
4,3,23,51,29,3
4,3,28,52,29,3
4,3,28,53,29,3
4,3,28,54,29,3
4,3,28,55,29,3
3,3,33,53,29,3
3,3,33,54,29,3
3,3,33,55,29,3
3,3,33,56,29,3
3,3,33,57,29,3
4,3,38,57,29,3
4,3,38,58,29,3
4,3,38,59,29,3
4,3,39,0,29,3
4,3,39,1,29,3
3,3,43,59,29,3
3,3,44,1,29,3
3,3,44,2,29,3
3,3,44,3,29,3
4,3,49,3,29,3
4,3,49,4,29,3
4,3,49,5,29,3
4,3,49,6,29,3
4,3,49,7,29,3
4,3,54,5,29,3
4,3,54,6,29,3
4,3,54,7,29,3
4,3,54,8,29,3
3,3,59,9,29,3
3,3,59,10,29,3
3,3,59,11,29,3
3,3,59,12,29,3
4,4,4,10,29,3
4,4,4,11,29,3
4,4,4,12,29,3
4,4,4,13,29,3
4,4,4,14,29,3
4,4,9,14,29,3
4,4,9,15,29,3
4,4,9,16,29,3
4,4,9,17,29,3
4,4,9,18,29,3
3,4,14,17,29,3
3,4,14,18,29,3
3,4,14,19,29,3
4,4,19,20,29,3
4,4,19,21,29,3
4,4,19,22,29,3
4,4,19,23,29,3
4,4,19,24,29,3
