24,16,54,4,28,3
24,16,54,5,28,3
25,16,54,6,28,3
27,16,58,59,28,3
27,16,59,0,28,3
27,16,59,1,28,3
27,16,59,2,28,3
28,16,59,10,28,3
28,16,59,11,28,3
28,16,59,12,28,3
28,16,59,13,28,3
28,17,4,4,28,3
28,17,4,5,28,3
28,17,4,6,28,3
28,17,4,7,28,3
28,17,4,8,28,3
28,17,4,15,28,3
28,17,4,16,28,3
28,17,4,17,28,3
28,17,4,18,28,3
28,17,4,19,28,3
28,17,9,10,28,3
28,17,9,11,28,3
28,17,9,12,28,3
28,17,9,13,28,3
28,17,9,21,28,3
28,17,9,22,28,3
28,17,9,23,28,3
28,17,9,24,28,3
29,17,14,16,28,3
29,17,14,17,28,3
29,17,14,18,28,3
29,17,14,19,28,3
29,17,14,26,28,3
29,17,14,27,28,3
29,17,14,28,28,3
29,17,14,29,28,3
29,17,14,30,28,3
28,17,19,21,28,3
28,17,19,22,28,3
28,17,19,23,28,3
28,17,19,24,28,3
28,17,19,25,28,3
28,17,19,31,28,3
28,17,19,32,28,3
28,17,19,33,28,3
28,17,19,34,28,3
28,17,19,35,28,3
28,17,24,27,28,3
28,17,24,28,28,3
28,17,24,29,28,3
28,17,24,30,28,3
28,17,24,38,28,3
28,17,24,39,28,3
28,17,24,40,28,3
28,17,24,41,28,3
27,17,29,32,28,3
27,17,29,33,28,3
27,17,29,34,28,3
27,17,29,35,28,3
27,17,29,36,28,3
27,17,29,43,28,3
27,17,29,44,28,3
27,17,29,45,28,3
27,17,29,46,28,3
27,17,29,47,28,3
28,17,34,38,28,3
28,17,34,39,28,3
28,17,34,40,28,3
28,17,34,41,28,3
28,17,34,49,28,3
28,17,34,50,28,3
28,17,34,51,28,3
28,17,34,52,28,3
28,17,39,43,28,3
28,17,39,44,28,3
28,17,39,45,28,3
28,17,39,46,28,3
28,17,39,47,28,3
28,17,39,54,28,3
28,17,39,55,28,3
28,17,39,56,28,3
28,17,39,57,28,3
28,17,39,58,28,3
28,17,44,49,28,3
28,17,44,50,28,3
28,17,44,51,28,3
28,17,44,52,28,3
28,17,45,0,28,3
28,17,45,1,28,3
29,17,49,55,28,3
29,17,49,56,28,3
29,17,49,57,28,3
29,17,49,58,28,3
28,17,50,6,28,3
28,17,50,7,28,3
28,17,50,8,28,3
28,17,50,9,28,3
29,17,55,0,28,3
29,17,55,1,28,3
29,17,55,2,28,3
29,17,55,3,28,3
29,17,55,4,28,3
29,17,55,11,28,3
29,17,55,12,28,3
29,17,55,13,28,3
29,17,55,14,28,3
29,17,55,15,28,3
28,18,0,6,28,3
28,18,0,7,28,3
28,18,0,8,28,3
28,18,0,9,28,3
28,18,0,17,28,3
28,18,0,18,28,3
28,18,0,19,28,3
28,18,0,20,28,3
26,18,5,11,28,3
26,18,5,12,28,3
26,18,5,13,28,3
26,18,5,14,28,3
26,18,5,15,28,3
26,18,5,22,28,3
26,18,5,23,28,3
26,18,5,24,28,3
26,18,5,25,28,3
26,18,5,26,28,3
26,18,10,17,28,3
26,18,10,18,28,3
26,18,10,19,28,3
26,18,10,20,28,3
26,18,10,28,28,3
26,18,10,29,28,3
26,18,10,30,28,3
26,18,10,32,28,3
26,18,15,23,28,3
26,18,15,24,28,3
26,18,15,25,28,3
26,18,15,26,28,3
26,18,15,34,28,3
26,18,15,35,28,3
26,18,15,36,28,3
26,18,15,37,28,3
26,18,20,28,28,3
26,18,20,29,28,3
26,18,20,30,28,3
26,18,20,31,28,3
26,18,20,32,28,3
26,18,20,39,28,3
26,18,20,40,28,3
26,18,20,41,28,3
26,18,20,42,28,3
26,18,20,43,28,3
26,18,25,34,28,3
26,18,25,35,28,3
26,18,25,36,28,3
26,18,25,37,28,3
26,18,25,45,28,3
26,18,25,46,28,3
26,18,25,47,28,3
25,18,25,48,28,3
25,18,30,39,28,3
25,18,30,40,28,3
25,18,30,41,28,3
25,18,30,42,28,3
25,18,30,43,28,3
25,18,30,50,28,3
25,18,30,51,28,3
25,18,30,52,28,3
25,18,30,53,28,3
25,18,30,54,28,3
26,18,35,46,28,3
26,18,35,47,28,3
26,18,35,48,28,3
26,18,35,49,28,3
26,18,35,56,28,3
26,18,35,57,28,3
26,18,35,58,28,3
26,18,35,59,28,3
26,18,40,51,28,3
26,18,40,52,28,3
26,18,40,53,28,3
26,18,40,54,28,3
26,18,41,1,28,3
26,18,41,2,28,3
26,18,41,3,28,3
26,18,41,4,28,3
26,18,41,5,28,3
26,18,45,56,28,3
26,18,45,57,28,3
26,18,45,58,28,3
26,18,45,59,28,3
26,18,46,0,28,3
26,18,46,7,28,3
26,18,46,8,28,3
26,18,46,9,28,3
26,18,46,10,28,3
26,18,46,11,28,3
26,18,51,2,28,3
26,18,51,3,28,3
26,18,51,4,28,3
26,18,51,5,28,3
26,18,51,13,28,3
26,18,51,14,28,3
26,18,51,15,28,3
26,18,51,16,28,3
26,18,56,7,28,3
26,18,56,8,28,3
26,18,56,9,28,3
26,18,56,10,28,3
26,18,56,11,28,3
26,18,56,18,28,3
26,18,56,19,28,3
26,18,56,20,28,3
26,18,56,21,28,3
26,18,56,22,28,3
26,19,1,13,28,3
26,19,1,14,28,3
26,19,1,15,28,3
26,19,1,16,28,3
26,19,1,17,28,3
26,19,1,25,28,3
26,19,1,26,28,3
26,19,1,27,28,3
25,19,6,19,28,3
26,19,6,20,28,3
25,19,6,21,28,3
25,19,6,22,28,3
26,19,6,30,28,3
26,19,6,31,28,3
26,19,6,32,28,3
26,19,6,33,28,3
26,19,11,24,28,3
26,19,11,25,28,3
26,19,11,26,28,3
26,19,11,27,28,3
26,19,11,28,28,3
26,19,11,35,28,3
26,19,11,36,28,3
26,19,11,37,28,3
26,19,11,38,28,3
26,19,11,39,28,3
26,19,16,41,28,3
26,19,16,42,28,3
26,19,16,43,28,3
26,19,16,44,28,3
26,19,21,36,28,3
26,19,21,37,28,3
26,19,21,38,28,3
26,19,21,39,28,3
26,19,21,46,28,3
26,19,21,47,28,3
26,19,21,48,28,3
26,19,21,49,28,3
26,19,21,50,28,3
26,19,26,41,28,3
26,19,26,42,28,3
26,19,26,43,28,3
26,19,26,44,28,3
26,19,26,45,28,3
26,19,26,52,28,3
26,19,26,53,28,3
26,19,26,54,28,3
26,19,26,55,28,3
26,19,26,56,28,3
27,19,31,47,28,3
27,19,31,48,28,3
27,19,31,49,28,3
27,19,31,51,28,3
27,19,31,58,28,3
27,19,31,59,28,3
27,19,32,0,28,3
27,19,32,1,28,3
26,19,36,52,28,3
26,19,36,53,28,3
26,19,36,54,28,3
26,19,36,55,28,3
26,19,36,56,28,3
26,19,37,3,28,3
26,19,37,4,28,3
26,19,37,5,28,3
26,19,37,6,28,3
26,19,37,7,28,3
27,19,41,59,28,3
27,19,42,0,28,3
27,19,42,1,28,3
27,19,42,2,28,3
27,19,42,10,28,3
27,19,42,11,28,3
27,19,42,12,28,3
27,19,42,13,28,3
26,19,47,4,28,3
26,19,47,5,28,3
26,19,47,6,28,3
26,19,47,7,28,3
26,19,47,14,28,3
26,19,47,15,28,3
26,19,47,16,28,3
26,19,47,17,28,3
26,19,47,18,28,3
26,19,52,9,28,3
26,19,52,10,28,3
26,19,52,11,28,3
26,19,52,12,28,3
26,19,52,13,28,3
26,19,52,20,28,3
26,19,52,21,28,3
26,19,52,22,28,3
26,19,52,23,28,3
26,19,52,24,28,3
26,19,57,16,28,3
26,19,57,17,28,3
26,19,57,18,28,3
26,19,57,19,28,3
26,19,57,26,28,3
26,19,57,27,28,3
26,19,57,28,28,3
26,19,57,29,28,3
26,20,2,20,28,3
26,20,2,21,28,3
26,20,2,22,28,3
26,20,2,23,28,3
26,20,2,24,28,3
26,20,2,31,28,3
26,20,2,32,28,3
26,20,2,33,28,3
26,20,2,34,28,3
26,20,2,35,28,3
26,20,7,26,28,3
26,20,7,27,28,3
26,20,7,28,28,3
26,20,7,29,28,3
26,20,7,30,28,3
26,20,7,38,28,3
26,20,7,39,28,3
26,20,7,40,28,3
26,20,7,41,28,3
26,20,12,32,28,3
26,20,12,33,28,3
26,20,12,34,28,3
26,20,12,35,28,3
26,20,12,42,28,3
25,20,12,43,28,3
26,20,12,44,28,3
26,20,12,45,28,3
26,20,12,46,28,3
26,20,17,37,28,3
26,20,17,38,28,3
26,20,17,39,28,3
26,20,17,40,28,3
26,20,17,41,28,3
25,20,22,44,28,3
25,20,22,45,28,3
25,20,22,46,28,3
25,20,22,47,28,3
25,20,22,54,28,3
25,20,22,55,28,3
25,20,22,56,28,3
25,20,22,57,28,3
25,20,27,48,28,3
25,20,27,49,28,3
25,20,27,50,28,3
25,20,27,51,28,3
25,20,27,52,28,3
25,20,27,59,28,3
25,20,28,0,28,3
25,20,28,1,28,3
25,20,28,2,28,3
25,20,28,3,28,3
25,20,32,56,28,3
25,20,32,57,28,3
25,20,32,58,28,3
25,20,33,6,28,3
25,20,33,7,28,3
25,20,33,8,28,3
25,20,33,9,28,3
26,20,38,0,28,3
26,20,38,1,28,3
26,20,38,2,28,3
26,20,38,3,28,3
26,20,38,10,28,3
26,20,38,11,28,3
26,20,38,12,28,3
26,20,38,13,28,3
26,20,38,14,28,3
25,20,43,5,28,3
25,20,43,6,28,3
25,20,43,7,28,3
25,20,43,8,28,3
25,20,43,9,28,3
25,20,43,17,28,3
25,20,43,18,28,3
25,20,43,19,28,3
25,20,43,20,28,3
26,20,48,12,28,3
26,20,48,13,28,3
26,20,48,14,28,3
26,20,48,15,28,3
26,20,48,22,28,3
26,20,48,23,28,3
26,20,48,24,28,3
26,20,48,25,28,3
26,20,53,17,28,3
26,20,53,18,28,3
26,20,53,19,28,3
26,20,53,20,28,3
26,20,53,27,28,3
26,20,53,28,28,3
26,20,53,29,28,3
26,20,53,30,28,3
26,20,53,31,28,3
26,20,58,22,28,3
26,20,58,23,28,3
26,20,58,24,28,3
26,20,58,25,28,3
26,20,58,26,28,3
26,20,58,34,28,3
26,20,58,35,28,3
26,20,58,36,28,3
26,20,58,37,28,3
26,21,3,28,28,3
26,21,3,29,28,3
26,21,3,30,28,3
26,21,3,31,28,3
26,21,3,38,28,3
26,21,3,39,28,3
26,21,3,40,28,3
26,21,3,41,28,3
26,21,3,42,28,3
25,21,8,33,28,3
25,21,8,34,28,3
25,21,8,35,28,3
25,21,8,36,28,3
25,21,8,37,28,3
25,21,8,45,28,3
25,21,8,46,28,3
25,21,8,47,28,3
25,21,8,48,28,3
26,21,13,40,28,3
26,21,13,41,28,3
26,21,13,42,28,3
26,21,13,43,28,3
26,21,13,50,28,3
26,21,13,51,28,3
26,21,13,52,28,3
26,21,13,53,28,3
26,21,18,45,28,3
26,21,18,46,28,3
26,21,18,47,28,3
26,21,18,48,28,3
26,21,18,55,28,3
26,21,18,56,28,3
26,21,18,57,28,3
26,21,18,58,28,3
26,21,18,59,28,3
26,21,23,50,28,3
26,21,23,51,28,3
26,21,23,52,28,3
26,21,23,53,28,3
26,21,23,54,28,3
26,21,24,2,28,3
26,21,24,3,28,3
26,21,24,4,28,3
26,21,24,5,28,3
26,21,28,57,28,3
26,21,28,58,28,3
26,21,28,59,28,3
26,21,29,0,28,3
26,21,29,6,28,3
26,21,29,7,28,3
26,21,29,8,28,3
26,21,29,9,28,3
26,21,29,10,28,3
26,21,34,1,28,3
26,21,34,2,28,3
26,21,34,3,28,3
26,21,34,4,28,3
26,21,34,5,28,3
26,21,34,12,28,3
26,21,34,13,28,3
26,21,34,14,28,3
26,21,34,15,28,3
26,21,34,16,28,3
26,21,39,8,28,3
26,21,39,9,28,3
26,21,39,10,28,3
26,21,39,11,28,3
26,21,39,19,28,3
26,21,39,20,28,3
26,21,39,21,28,3
26,21,39,22,28,3
26,21,44,12,28,3
26,21,44,13,28,3
26,21,44,14,28,3
26,21,44,15,28,3
26,21,44,16,28,3
26,21,44,23,28,3
26,21,44,24,28,3
26,21,44,25,28,3
26,21,44,26,28,3
26,21,44,27,28,3
25,21,49,19,28,3
25,21,49,20,28,3
25,21,49,21,28,3
25,21,49,22,28,3
25,21,49,30,28,3
25,21,49,31,28,3
25,21,49,32,28,3
25,21,49,33,28,3
25,21,54,24,28,3
25,21,54,25,28,3
25,21,54,27,28,3
26,21,54,28,28,3
26,21,54,35,28,3
26,21,54,36,28,3
25,21,54,38,28,3
25,21,54,39,28,3
24,21,59,29,28,3
24,21,59,30,28,3
24,21,59,31,28,3
24,21,59,32,28,3
24,21,59,33,28,3
24,21,59,40,28,3
24,21,59,41,28,3
24,21,59,42,28,3
24,21,59,43,28,3
24,21,59,44,28,3
24,22,4,36,28,3
24,22,4,37,28,3
24,22,4,38,28,3
24,22,4,39,28,3
24,22,4,47,28,3
24,22,4,48,28,3
24,22,4,49,28,3
24,22,4,50,28,3
24,22,9,40,28,3
24,22,9,41,28,3
24,22,9,42,28,3
24,22,9,43,28,3
24,22,9,44,28,3
24,22,9,51,28,3
24,22,9,52,28,3
24,22,9,53,28,3
24,22,9,54,28,3
24,22,9,55,28,3
24,22,14,47,28,3
24,22,14,48,28,3
24,22,14,49,28,3
24,22,14,50,28,3
24,22,14,58,28,3
24,22,14,59,28,3
24,22,15,0,28,3
24,22,15,1,28,3
25,22,19,53,28,3
25,22,19,54,28,3
25,22,19,55,28,3
25,22,19,56,28,3
25,22,20,2,28,3
25,22,20,3,28,3
25,22,20,4,28,3
25,22,20,5,28,3
25,22,20,6,28,3
25,22,24,57,28,3
25,22,24,58,28,3
25,22,24,59,28,3
25,22,25,0,28,3
25,22,25,1,28,3
25,22,25,9,28,3
25,22,25,10,28,3
25,22,25,11,28,3
25,22,25,12,28,3
26,22,30,4,28,3
26,22,30,5,28,3
26,22,30,6,28,3
26,22,30,7,28,3
26,22,30,15,28,3
26,22,30,16,28,3
26,22,30,17,28,3
26,22,30,18,28,3
27,22,35,8,28,3
27,22,35,9,28,3
27,22,35,10,28,3
27,22,35,11,28,3
27,22,35,12,28,3
27,22,35,19,28,3
27,22,35,20,28,3
27,22,35,21,28,3
27,22,35,22,28,3
27,22,35,23,28,3
28,22,40,14,28,3
28,22,40,15,28,3
28,22,40,16,28,3
28,22,40,17,28,3
28,22,40,18,28,3
28,22,40,26,28,3
28,22,40,27,28,3
28,22,40,28,28,3
28,22,40,29,28,3
29,22,45,21,28,3
29,22,45,22,28,3
29,22,45,23,28,3
29,22,45,24,28,3
29,22,45,30,28,3
29,22,45,31,28,3
29,22,45,32,28,3
29,22,45,33,28,3
29,22,45,34,28,3
29,22,50,25,28,3
29,22,50,26,28,3
29,22,50,27,28,3
29,22,50,28,28,3
29,22,50,29,28,3
29,22,50,37,28,3
29,22,50,38,28,3
29,22,50,39,28,3
29,22,50,40,28,3
29,22,55,32,28,3
29,22,55,33,28,3
29,22,55,34,28,3
29,22,55,35,28,3
29,22,55,43,28,3
29,22,55,44,28,3
29,22,55,45,28,3
29,22,55,46,28,3
30,23,0,37,28,3
30,23,0,38,28,3
30,23,0,39,28,3
30,23,0,40,28,3
30,23,0,41,28,3
30,23,0,47,28,3
30,23,0,48,28,3
30,23,0,49,28,3
30,23,0,50,28,3
30,23,0,51,28,3
28,23,5,46,28,3
28,23,5,54,28,3
28,23,5,55,28,3
28,23,5,56,28,3
28,23,5,57,28,3
29,23,10,49,28,3
29,23,10,50,28,3
29,23,10,51,28,3
29,23,10,52,28,3
29,23,10,58,28,3
29,23,10,59,28,3
29,23,11,0,28,3
29,23,11,1,28,3
29,23,11,2,28,3
27,23,15,53,28,3
27,23,15,54,28,3
27,23,15,55,28,3
27,23,15,56,28,3
27,23,15,57,28,3
27,23,16,5,28,3
27,23,16,6,28,3
27,23,16,7,28,3
27,23,16,8,28,3
27,23,21,0,28,3
27,23,21,1,28,3
27,23,21,2,28,3
27,23,21,3,28,3
27,23,21,11,28,3
27,23,21,12,28,3
27,23,21,13,28,3
27,23,21,14,28,3
27,23,26,4,28,3
27,23,26,5,28,3
27,23,26,7,28,3
27,23,26,8,28,3
27,23,26,9,28,3
27,23,26,15,28,3
27,23,26,16,28,3
27,23,26,17,28,3
27,23,26,18,28,3
27,23,26,19,28,3
27,23,31,14,28,3
27,23,31,22,28,3
27,23,31,23,28,3
27,23,31,24,28,3
27,23,31,25,28,3
29,23,36,17,28,3
29,23,36,18,28,3
29,23,36,19,28,3
29,23,36,20,28,3
29,23,36,27,28,3
29,23,36,28,28,3
29,23,36,29,28,3
29,23,36,30,28,3
29,23,36,31,28,3
27,23,41,21,28,3
27,23,41,22,28,3
27,23,41,23,28,3
27,23,41,24,28,3
27,23,41,25,28,3
29,23,46,28,28,3
29,23,46,29,28,3
29,23,46,30,28,3
29,23,46,31,28,3
29,23,46,39,28,3
29,23,46,40,28,3
29,23,46,41,28,3
29,23,46,42,28,3
29,23,51,33,28,3
29,23,51,34,28,3
29,23,51,35,28,3
29,23,51,36,28,3
29,23,51,37,28,3
29,23,51,43,28,3
29,23,51,44,28,3
29,23,51,45,28,3
29,23,51,46,28,3
29,23,51,47,28,3
28,23,56,50,28,3
28,23,56,51,28,3
28,23,56,52,28,3
28,23,56,53,28,3
28,0,1,45,29,3
28,0,1,46,29,3
28,0,1,47,29,3
28,0,1,48,29,3
28,0,1,55,29,3
28,0,1,56,29,3
28,0,1,57,29,3
28,0,1,58,29,3
28,0,1,59,29,3
27,0,6,49,29,3
27,0,6,50,29,3
27,0,6,51,29,3
27,0,6,52,29,3
27,0,6,53,29,3
27,0,7,1,29,3
27,0,7,2,29,3
27,0,7,3,29,3
26,0,11,56,29,3
26,0,11,57,29,3
26,0,11,58,29,3
26,0,11,59,29,3
26,0,12,7,29,3
26,0,12,8,29,3
26,0,12,9,29,3
26,0,12,10,29,3
28,0,17,2,29,3
28,0,17,3,29,3
28,0,17,4,29,3
28,0,17,5,29,3
28,0,17,11,29,3
28,0,17,12,29,3
28,0,17,13,29,3
28,0,17,14,29,3
28,0,17,15,29,3
28,0,22,6,29,3
28,0,22,7,29,3
28,0,22,8,29,3
28,0,22,9,29,3
28,0,22,10,29,3
28,0,22,18,29,3
28,0,22,19,29,3
28,0,22,20,29,3
28,0,22,21,29,3
27,0,27,13,29,3
27,0,27,14,29,3
27,0,27,15,29,3
27,0,27,16,29,3
27,0,27,23,29,3
27,0,27,24,29,3
27,0,27,25,29,3
27,0,27,26,29,3
27,0,27,27,29,3
26,0,32,17,29,3
26,0,32,18,29,3
27,0,32,19,29,3
27,0,32,20,29,3
27,0,32,21,29,3
27,0,32,29,29,3
27,0,32,30,29,3
27,0,32,31,29,3
27,0,32,32,29,3
26,0,37,24,29,3
26,0,37,25,29,3
26,0,37,26,29,3
26,0,37,27,29,3
26,0,37,35,29,3
26,0,37,36,29,3
26,0,37,37,29,3
26,0,37,38,29,3
27,0,42,29,29,3
27,0,42,30,29,3
27,0,42,31,29,3
27,0,42,32,29,3
27,0,42,33,29,3
27,0,42,39,29,3
27,0,42,40,29,3
27,0,42,41,29,3
27,0,42,42,29,3
27,0,42,43,29,3
26,0,47,34,29,3
26,0,47,35,29,3
26,0,47,36,29,3
26,0,47,37,29,3
25,0,47,38,29,3
26,0,47,46,29,3
26,0,47,47,29,3
26,0,47,48,29,3
26,0,47,49,29,3
26,0,52,41,29,3
26,0,52,42,29,3
26,0,52,43,29,3
26,0,52,44,29,3
26,0,52,51,29,3
26,0,52,52,29,3
26,0,52,53,29,3
26,0,52,54,29,3
26,0,52,55,29,3
26,0,57,46,29,3
26,0,57,47,29,3
26,0,57,48,29,3
26,0,57,49,29,3
26,0,57,50,29,3
26,0,57,57,29,3
26,0,57,58,29,3
26,0,57,59,29,3
26,0,58,0,29,3
26,1,2,52,29,3
26,1,2,53,29,3
26,1,2,54,29,3
26,1,2,55,29,3
26,1,3,2,29,3
26,1,3,3,29,3
26,1,3,4,29,3
26,1,3,5,29,3
26,1,3,6,29,3
27,1,7,58,29,3
27,1,7,59,29,3
27,1,8,0,29,3
27,1,8,1,29,3
27,1,8,8,29,3
27,1,8,9,29,3
27,1,8,10,29,3
28,1,8,11,29,3
27,1,13,3,29,3
27,1,13,4,29,3
27,1,13,5,29,3
27,1,13,6,29,3
27,1,13,7,29,3
27,1,13,14,29,3
27,1,13,15,29,3
27,1,13,16,29,3
27,1,13,17,29,3
25,1,18,9,29,3
25,1,18,10,29,3
25,1,18,11,29,3
25,1,18,12,29,3
25,1,18,19,29,3
25,1,18,20,29,3
25,1,18,21,29,3
25,1,18,22,29,3
25,1,18,23,29,3
26,1,23,14,29,3
26,1,23,15,29,3
26,1,23,16,29,3
26,1,23,17,29,3
26,1,23,18,29,3
26,1,23,25,29,3
26,1,23,26,29,3
26,1,23,27,29,3
26,1,23,28,29,3
25,1,28,20,29,3
25,1,28,21,29,3
25,1,28,22,29,3
25,1,28,23,29,3
25,1,28,30,29,3
25,1,28,31,29,3
25,1,28,32,29,3
25,1,28,33,29,3
25,1,28,34,29,3
25,1,33,26,29,3
25,1,33,27,29,3
25,1,33,28,29,3
25,1,33,29,29,3
25,1,33,36,29,3
25,1,33,37,29,3
25,1,33,38,29,3
25,1,33,39,29,3
25,1,38,31,29,3
25,1,38,32,29,3
25,1,38,33,29,3
25,1,38,34,29,3
25,1,38,35,29,3
25,1,38,42,29,3
25,1,38,43,29,3
25,1,38,44,29,3
25,1,38,45,29,3
25,1,43,37,29,3
25,1,43,38,29,3
25,1,43,39,29,3
25,1,43,40,29,3
25,1,43,47,29,3
25,1,43,48,29,3
25,1,43,49,29,3
25,1,43,50,29,3
25,1,43,51,29,3
26,1,48,42,29,3
26,1,48,43,29,3
26,1,48,44,29,3
26,1,48,45,29,3
26,1,48,46,29,3
26,1,48,53,29,3
26,1,48,54,29,3
26,1,48,55,29,3
26,1,48,56,29,3
26,1,53,47,29,3
26,1,53,48,29,3
26,1,53,49,29,3
26,1,53,51,29,3
26,1,53,52,29,3
26,1,53,58,29,3
26,1,53,59,29,3
26,1,54,0,29,3
26,1,54,1,29,3
26,1,54,2,29,3
26,1,58,54,29,3
26,1,58,55,29,3
26,1,58,56,29,3
26,1,58,57,29,3
27,1,59,4,29,3
27,1,59,5,29,3
27,1,59,6,29,3
27,1,59,7,29,3
26,2,3,59,29,3
26,2,4,0,29,3
26,2,4,1,29,3
26,2,4,2,29,3
26,2,4,3,29,3
26,2,4,10,29,3
26,2,4,11,29,3
26,2,4,12,29,3
26,2,4,13,29,3
27,2,9,5,29,3
27,2,9,6,29,3
27,2,9,7,29,3
27,2,9,8,29,3
27,2,9,14,29,3
27,2,9,15,29,3
27,2,9,17,29,3
27,2,9,18,29,3
27,2,9,19,29,3
26,2,14,10,29,3
26,2,14,11,29,3
26,2,14,12,29,3
26,2,14,13,29,3
26,2,14,14,29,3
26,2,14,21,29,3
26,2,14,22,29,3
26,2,14,23,29,3
26,2,14,24,29,3
26,2,19,16,29,3
26,2,19,17,29,3
26,2,19,18,29,3
26,2,19,19,29,3
26,2,19,20,29,3
26,2,19,26,29,3
26,2,19,27,29,3
26,2,19,28,29,3
26,2,19,29,29,3
26,2,19,30,29,3
27,2,24,22,29,3
27,2,24,23,29,3
27,2,24,24,29,3
27,2,24,25,29,3
27,2,24,32,29,3
27,2,24,33,29,3
27,2,24,34,29,3
27,2,24,35,29,3
26,2,29,27,29,3
26,2,29,28,29,3
26,2,29,29,29,3
26,2,29,30,29,3
26,2,29,31,29,3
26,2,29,38,29,3
26,2,29,39,29,3
26,2,29,40,29,3
26,2,29,41,29,3
26,2,34,33,29,3
26,2,34,34,29,3
26,2,34,35,29,3
26,2,34,36,29,3
26,2,34,43,29,3
26,2,34,44,29,3
26,2,34,45,29,3
26,2,34,46,29,3
26,2,34,47,29,3
27,2,39,39,29,3
27,2,39,40,29,3
27,2,39,41,29,3
27,2,39,42,29,3
27,2,39,49,29,3
27,2,39,50,29,3
27,2,39,51,29,3
27,2,39,52,29,3
27,2,44,44,29,3
27,2,44,45,29,3
27,2,44,46,29,3
27,2,44,47,29,3
27,2,44,48,29,3
27,2,44,54,29,3
27,2,44,55,29,3
27,2,44,56,29,3
27,2,44,57,29,3
27,2,44,58,29,3
26,2,49,50,29,3
26,2,49,51,29,3
26,2,49,52,29,3
26,2,49,53,29,3
26,2,50,0,29,3
26,2,50,1,29,3
26,2,50,2,29,3
26,2,50,3,29,3
26,2,50,4,29,3
27,2,54,55,29,3
27,2,54,56,29,3
27,2,54,57,29,3
27,2,54,58,29,3
27,2,54,59,29,3
27,2,55,6,29,3
27,2,55,7,29,3
27,2,55,8,29,3
27,2,55,9,29,3
27,3,0,1,29,3
27,3,0,2,29,3
27,3,0,3,29,3
27,3,0,5,29,3
27,3,0,11,29,3
27,3,0,12,29,3
27,3,0,13,29,3
27,3,0,14,29,3
27,3,0,15,29,3
27,3,5,6,29,3
27,3,5,7,29,3
27,3,5,8,29,3
27,3,5,9,29,3
27,3,5,10,29,3
27,3,5,19,29,3
27,3,5,20,29,3
27,3,5,21,29,3
27,3,10,23,29,3
27,3,10,24,29,3
27,3,10,25,29,3
27,3,10,26,29,3
28,3,15,18,29,3
28,3,15,19,29,3
28,3,15,20,29,3
28,3,15,21,29,3
28,3,15,28,29,3
28,3,15,29,29,3
28,3,15,30,29,3
28,3,15,31,29,3
28,3,15,32,29,3
26,3,20,23,29,3
26,3,20,24,29,3
26,3,20,25,29,3
26,3,20,26,29,3
26,3,20,27,29,3
26,3,20,34,29,3
26,3,20,35,29,3
26,3,20,36,29,3
26,3,20,37,29,3
27,3,25,29,29,3
27,3,25,30,29,3
27,3,25,31,29,3
27,3,25,32,29,3
27,3,25,39,29,3
27,3,25,40,29,3
27,3,25,41,29,3
27,3,25,42,29,3
27,3,25,43,29,3
27,3,30,34,29,3
27,3,30,35,29,3
27,3,30,36,29,3
27,3,30,37,29,3
27,3,30,38,29,3
27,3,30,46,29,3
27,3,30,47,29,3
27,3,30,48,29,3
27,3,30,49,29,3
28,3,35,40,29,3
28,3,35,41,29,3
28,3,35,42,29,3
28,3,35,43,29,3
28,3,35,44,29,3
28,3,35,50,29,3
28,3,35,51,29,3
28,3,35,52,29,3
28,3,35,53,29,3
28,3,35,54,29,3
27,3,40,46,29,3
27,3,40,47,29,3
27,3,40,48,29,3
27,3,40,49,29,3
27,3,40,56,29,3
27,3,40,57,29,3
27,3,40,58,29,3
27,3,40,59,29,3
27,3,41,0,29,3
27,3,45,51,29,3
27,3,45,52,29,3
27,3,45,53,29,3
27,3,45,54,29,3
27,3,45,55,29,3
27,3,46,2,29,3
27,3,46,3,29,3
27,3,46,4,29,3
27,3,46,5,29,3
27,3,50,58,29,3
27,3,50,59,29,3
27,3,51,0,29,3
27,3,51,1,29,3
27,3,51,7,29,3
27,3,51,8,29,3
27,3,51,9,29,3
27,3,51,10,29,3
27,3,51,11,29,3
28,3,56,3,29,3
28,3,56,4,29,3
28,3,56,5,29,3
28,3,56,6,29,3
28,3,56,14,29,3
28,3,56,15,29,3
28,3,56,16,29,3
28,3,56,17,29,3
27,4,1,8,29,3
27,4,1,9,29,3
27,4,1,10,29,3
27,4,1,11,29,3
27,4,1,12,29,3
27,4,1,19,29,3
27,4,1,20,29,3
27,4,1,21,29,3
27,4,1,22,29,3
27,4,6,14,29,3
27,4,6,15,29,3
27,4,6,16,29,3
27,4,6,17,29,3
27,4,6,24,29,3
27,4,6,25,29,3
27,4,6,26,29,3
27,4,6,27,29,3
27,4,6,28,29,3
28,4,11,19,29,3
28,4,11,20,29,3
28,4,11,21,29,3
28,4,11,22,29,3
28,4,11,23,29,3
28,4,11,30,29,3
28,4,11,31,29,3
28,4,11,32,29,3
28,4,11,33,29,3
28,4,16,25,29,3
28,4,16,26,29,3
28,4,16,27,29,3
28,4,16,28,29,3
28,4,16,29,29,3
28,4,16,35,29,3
28,4,16,36,29,3
28,4,16,37,29,3
28,4,16,38,29,3
28,4,16,39,29,3
28,4,21,31,29,3
28,4,21,32,29,3
28,4,21,33,29,3
28,4,21,34,29,3
28,4,21,41,29,3
28,4,21,42,29,3
28,4,21,43,29,3
28,4,21,44,29,3
28,4,21,45,29,3
28,4,26,36,29,3
28,4,26,37,29,3
28,4,26,38,29,3
28,4,26,39,29,3
28,4,26,40,29,3
28,4,26,47,29,3
28,4,26,48,29,3
28,4,26,49,29,3
28,4,26,50,29,3
