6,17,3,54,28,3
6,17,3,55,28,3
6,17,3,56,28,3
6,17,3,57,28,3
5,17,8,49,28,3
5,17,8,50,28,3
5,17,8,51,28,3
5,17,8,52,28,3
5,17,8,58,28,3
5,17,8,59,28,3
5,17,9,0,28,3
5,17,9,1,28,3
5,17,9,2,28,3
5,17,13,54,28,3
5,17,13,55,28,3
5,17,13,56,28,3
5,17,13,57,28,3
5,17,14,5,28,3
5,17,14,6,28,3
5,17,14,7,28,3
5,17,14,8,28,3
6,17,18,59,28,3
6,17,19,0,28,3
6,17,19,1,28,3
6,17,19,2,28,3
6,17,19,3,28,3
6,17,19,9,28,3
6,17,19,10,28,3
6,17,19,11,28,3
6,17,19,12,28,3
6,17,19,13,28,3
6,17,24,6,28,3
6,17,24,7,28,3
6,17,24,8,28,3
6,17,24,9,28,3
6,17,24,15,28,3
6,17,24,16,28,3
6,17,24,17,28,3
6,17,24,18,28,3
6,17,24,19,28,3
6,17,29,10,28,3
6,17,29,11,28,3
6,17,29,12,28,3
6,17,29,13,28,3
6,17,29,14,28,3
6,17,29,22,28,3
6,17,29,23,28,3
6,17,29,24,28,3
6,17,29,25,28,3
6,17,34,17,28,3
6,17,34,18,28,3
6,17,34,19,28,3
6,17,34,20,28,3
6,17,34,26,28,3
6,17,34,27,28,3
6,17,34,28,28,3
6,17,34,29,28,3
6,17,34,30,28,3
6,17,39,22,28,3
6,17,39,23,28,3
6,17,39,24,28,3
6,17,39,26,28,3
6,17,39,33,28,3
6,17,39,34,28,3
6,17,39,35,28,3
6,17,39,36,28,3
6,17,44,27,28,3
6,17,44,28,28,3
6,17,44,29,28,3
6,17,44,30,28,3
6,17,44,31,28,3
6,17,44,38,28,3
6,17,44,39,28,3
6,17,44,40,28,3
6,17,44,41,28,3
6,17,49,34,28,3
6,17,49,35,28,3
6,17,49,36,28,3
6,17,49,37,28,3
6,17,49,43,28,3
6,17,49,44,28,3
6,17,49,45,28,3
6,17,49,46,28,3
6,17,49,47,28,3
6,17,54,38,28,3
6,17,54,39,28,3
6,17,54,40,28,3
6,17,54,41,28,3
6,17,54,42,28,3
6,17,54,50,28,3
6,17,54,51,28,3
6,17,54,52,28,3
6,17,54,53,28,3
6,17,59,45,28,3
6,17,59,46,28,3
6,17,59,47,28,3
6,17,59,48,28,3
6,17,59,54,28,3
6,17,59,55,28,3
6,17,59,56,28,3
6,17,59,57,28,3
6,17,59,58,28,3
6,18,4,51,28,3
6,18,4,52,28,3
6,18,4,53,28,3
6,18,4,54,28,3
6,18,9,55,28,3
6,18,9,56,28,3
5,18,9,57,28,3
5,18,9,58,28,3
5,18,9,59,28,3
6,18,10,7,28,3
6,18,10,8,28,3
6,18,10,9,28,3
6,18,10,10,28,3
5,18,15,2,28,3
5,18,15,3,28,3
5,18,15,4,28,3
5,18,15,5,28,3
5,18,15,11,28,3
5,18,15,12,28,3
5,18,15,13,28,3
5,18,15,14,28,3
5,18,15,15,28,3
6,18,20,6,28,3
6,18,20,7,28,3
6,18,20,8,28,3
6,18,20,9,28,3
6,18,20,10,28,3
6,18,20,18,28,3
6,18,20,19,28,3
6,18,20,20,28,3
6,18,20,21,28,3
6,18,25,13,28,3
6,18,25,14,28,3
6,18,25,15,28,3
6,18,25,16,28,3
6,18,25,24,28,3
6,18,25,25,28,3
6,18,25,26,28,3
6,18,25,27,28,3
6,18,30,19,28,3
6,18,30,20,28,3
6,18,30,21,28,3
6,18,30,22,28,3
6,18,30,28,28,3
6,18,30,29,28,3
6,18,30,30,28,3
6,18,30,31,28,3
6,18,30,32,28,3
6,18,35,25,28,3
6,18,35,26,28,3
6,18,35,27,28,3
6,18,35,35,28,3
6,18,35,36,28,3
6,18,35,37,28,3
6,18,35,38,28,3
6,18,40,30,28,3
6,18,40,31,28,3
6,18,40,32,28,3
6,18,40,33,28,3
6,18,40,39,28,3
6,18,40,40,28,3
6,18,40,41,28,3
6,18,40,42,28,3
6,18,40,43,28,3
5,18,45,34,28,3
5,18,45,35,28,3
5,18,45,36,28,3
5,18,45,37,28,3
5,18,45,38,28,3
5,18,45,46,28,3
5,18,45,47,28,3
5,18,45,48,28,3
5,18,45,49,28,3
6,18,50,41,28,3
6,18,50,42,28,3
6,18,50,43,28,3
6,18,50,44,28,3
6,18,50,52,28,3
6,18,50,53,28,3
6,18,50,54,28,3
6,18,50,55,28,3
5,18,55,45,28,3
5,18,55,46,28,3
5,18,55,47,28,3
5,18,55,48,28,3
5,18,55,49,28,3
5,18,55,56,28,3
5,18,55,57,28,3
5,18,55,58,28,3
5,18,55,59,28,3
5,18,56,0,28,3
5,19,0,52,28,3
5,19,0,53,28,3
5,19,0,54,28,3
5,19,0,55,28,3
5,19,1,3,28,3
5,19,1,4,28,3
5,19,1,5,28,3
5,19,1,6,28,3
5,19,5,58,28,3
5,19,5,59,28,3
5,19,6,0,28,3
5,19,6,1,28,3
5,19,6,7,28,3
5,19,6,8,28,3
5,19,6,9,28,3
5,19,6,10,28,3
5,19,6,11,28,3
6,19,11,2,28,3
6,19,11,3,28,3
6,19,11,4,28,3
6,19,11,5,28,3
6,19,11,6,28,3
6,19,11,16,28,3
6,19,11,17,28,3
6,19,16,9,28,3
6,19,16,10,28,3
6,19,16,11,28,3
6,19,16,12,28,3
6,19,16,20,28,3
6,19,16,21,28,3
6,19,16,22,28,3
6,19,16,23,28,3
6,19,21,13,28,3
6,19,21,14,28,3
6,19,21,15,28,3
6,19,21,16,28,3
6,19,21,17,28,3
6,19,21,24,28,3
6,19,21,25,28,3
6,19,21,26,28,3
6,19,21,27,28,3
6,19,21,28,28,3
6,19,26,20,28,3
6,19,26,21,28,3
6,19,26,22,28,3
6,19,26,23,28,3
6,19,26,31,28,3
6,19,26,32,28,3
6,19,26,33,28,3
6,19,26,34,28,3
6,19,31,25,28,3
6,19,31,26,28,3
6,19,31,27,28,3
6,19,31,28,28,3
6,19,31,29,28,3
6,19,31,36,28,3
6,19,31,37,28,3
6,19,31,38,28,3
6,19,31,39,28,3
6,19,31,40,28,3
6,19,36,30,28,3
6,19,36,31,28,3
6,19,36,32,28,3
6,19,36,33,28,3
6,19,36,34,28,3
6,19,36,41,28,3
6,19,36,42,28,3
6,19,36,43,28,3
6,19,36,44,28,3
6,19,36,45,28,3
6,19,41,37,28,3
6,19,41,38,28,3
6,19,41,39,28,3
6,19,41,40,28,3
6,19,41,48,28,3
6,19,41,49,28,3
6,19,41,50,28,3
6,19,41,51,28,3
6,19,46,42,28,3
6,19,46,43,28,3
6,19,46,44,28,3
6,19,46,45,28,3
6,19,46,46,28,3
6,19,46,52,28,3
6,19,46,53,28,3
6,19,46,54,28,3
6,19,46,55,28,3
6,19,46,56,28,3
6,19,51,48,28,3
6,19,51,49,28,3
6,19,51,50,28,3
6,19,51,51,28,3
6,19,51,59,28,3
6,19,52,0,28,3
6,19,52,1,28,3
6,19,52,2,28,3
6,19,56,54,28,3
6,19,56,55,28,3
6,19,56,56,28,3
6,19,56,57,28,3
6,19,57,5,28,3
6,19,57,6,28,3
6,19,57,7,28,3
6,19,57,8,28,3
6,20,1,58,28,3
6,20,1,59,28,3
6,20,2,0,28,3
6,20,2,1,28,3
6,20,2,2,28,3
6,20,2,9,28,3
6,20,2,10,28,3
6,20,2,11,28,3
6,20,2,12,28,3
6,20,2,13,28,3
6,20,7,5,28,3
6,20,7,6,28,3
6,20,7,7,28,3
6,20,7,8,28,3
6,20,7,16,28,3
6,20,7,17,28,3
6,20,7,18,28,3
6,20,7,19,28,3
6,20,12,9,28,3
6,20,12,10,28,3
6,20,12,11,28,3
6,20,12,12,28,3
6,20,12,13,28,3
6,20,12,20,28,3
6,20,12,21,28,3
6,20,12,22,28,3
6,20,12,23,28,3
6,20,12,24,28,3
6,20,17,16,28,3
6,20,17,17,28,3
6,20,17,18,28,3
6,20,17,19,28,3
6,20,17,27,28,3
6,20,17,28,28,3
6,20,17,29,28,3
6,20,17,30,28,3
6,20,22,21,28,3
6,20,22,22,28,3
6,20,22,23,28,3
6,20,22,24,28,3
6,20,22,25,28,3
6,20,22,32,28,3
6,20,22,33,28,3
6,20,22,34,28,3
6,20,22,35,28,3
6,20,22,36,28,3
6,20,27,27,28,3
6,20,27,28,28,3
6,20,27,37,28,3
6,20,27,38,28,3
6,20,27,39,28,3
6,20,27,40,28,3
6,20,27,41,28,3
6,20,32,33,28,3
6,20,32,34,28,3
6,20,32,35,28,3
6,20,32,36,28,3
6,20,32,44,28,3
6,20,32,45,28,3
6,20,32,46,28,3
6,20,32,47,28,3
6,20,37,37,28,3
6,20,37,38,28,3
6,20,37,39,28,3
6,20,37,40,28,3
6,20,37,41,28,3
6,20,37,48,28,3
6,20,37,49,28,3
6,20,37,50,28,3
6,20,37,52,28,3
6,20,37,53,28,3
6,20,42,44,28,3
6,20,42,45,28,3
6,20,42,46,28,3
6,20,42,47,28,3
6,20,42,55,28,3
6,20,42,56,28,3
6,20,42,57,28,3
6,20,42,58,28,3
6,20,47,49,28,3
6,20,47,50,28,3
6,20,47,51,28,3
6,20,47,52,28,3
6,20,47,53,28,3
6,20,48,0,28,3
6,20,48,1,28,3
6,20,48,2,28,3
6,20,48,3,28,3
6,20,48,4,28,3
6,20,52,55,28,3
6,20,52,56,28,3
6,20,52,57,28,3
6,20,52,58,28,3
6,20,53,6,28,3
6,20,53,7,28,3
6,20,53,8,28,3
6,20,53,9,28,3
6,20,58,1,28,3
6,20,58,2,28,3
6,20,58,3,28,3
6,20,58,4,28,3
6,20,58,12,28,3
6,20,58,13,28,3
6,20,58,14,28,3
6,20,58,15,28,3
6,21,3,5,28,3
6,21,3,6,28,3
6,21,3,8,28,3
6,21,3,9,28,3
6,21,3,10,28,3
6,21,3,16,28,3
6,21,3,17,28,3
6,21,3,18,28,3
6,21,3,19,28,3
6,21,3,20,28,3
6,21,8,12,28,3
6,21,8,13,28,3
6,21,8,14,28,3
6,21,8,15,28,3
6,21,8,23,28,3
6,21,8,24,28,3
6,21,8,25,28,3
6,21,8,26,28,3
6,21,13,17,28,3
6,21,13,18,28,3
6,21,13,19,28,3
6,21,13,20,28,3
6,21,13,21,28,3
6,21,13,28,28,3
6,21,13,29,28,3
6,21,13,30,28,3
6,21,13,31,28,3
6,21,13,32,28,3
5,21,18,23,28,3
5,21,18,24,28,3
6,21,18,25,28,3
6,21,18,26,28,3
5,21,18,34,28,3
5,21,18,35,28,3
5,21,18,36,28,3
5,21,18,37,28,3
5,21,23,28,28,3
5,21,23,29,28,3
5,21,23,30,28,3
5,21,23,31,28,3
5,21,23,32,28,3
5,21,23,40,28,3
5,21,23,41,28,3
5,21,23,42,28,3
5,21,23,43,28,3
6,21,28,33,28,3
6,21,28,34,28,3
6,21,28,35,28,3
6,21,28,36,28,3
6,21,28,37,28,3
6,21,28,44,28,3
6,21,28,45,28,3
6,21,28,46,28,3
6,21,28,48,28,3
6,21,28,49,28,3
5,21,33,40,28,3
5,21,33,41,28,3
5,21,33,42,28,3
5,21,33,43,28,3
5,21,33,51,28,3
5,21,33,52,28,3
5,21,33,53,28,3
5,21,33,54,28,3
5,21,38,45,28,3
5,21,38,46,28,3
5,21,38,47,28,3
5,21,38,48,28,3
5,21,38,49,28,3
5,21,38,56,28,3
5,21,38,57,28,3
5,21,38,58,28,3
5,21,38,59,28,3
5,21,39,0,28,3
5,21,44,2,28,3
5,21,44,3,28,3
5,21,44,4,28,3
5,21,44,5,28,3
5,21,48,57,28,3
5,21,48,58,28,3
5,21,48,59,28,3
5,21,49,0,28,3
5,21,49,8,28,3
5,21,49,9,28,3
5,21,49,10,28,3
5,21,49,11,28,3
6,21,54,2,28,3
6,21,54,3,28,3
6,21,54,4,28,3
6,21,54,5,28,3
6,21,54,6,28,3
6,21,54,13,28,3
6,21,54,14,28,3
6,21,54,15,28,3
6,21,54,16,28,3
6,21,54,17,28,3
6,21,59,8,28,3
6,21,59,9,28,3
6,21,59,10,28,3
6,21,59,11,28,3
6,21,59,19,28,3
6,21,59,20,28,3
6,21,59,21,28,3
6,21,59,22,28,3
6,22,4,13,28,3
6,22,4,14,28,3
6,22,4,15,28,3
6,22,4,16,28,3
6,22,4,17,28,3
6,22,4,24,28,3
6,22,4,25,28,3
6,22,4,26,28,3
6,22,4,27,28,3
6,22,4,28,28,3
6,22,9,19,28,3
6,22,9,20,28,3
6,22,9,21,28,3
6,22,9,22,28,3
6,22,9,30,28,3
6,22,9,31,28,3
6,22,9,32,28,3
6,22,9,33,28,3
6,22,14,25,28,3
6,22,14,26,28,3
6,22,14,27,28,3
6,22,14,28,28,3
6,22,14,36,28,3
6,22,14,37,28,3
6,22,14,38,28,3
6,22,14,39,28,3
6,22,19,30,28,3
6,22,19,31,28,3
6,22,19,32,28,3
6,22,19,33,28,3
6,22,19,34,28,3
6,22,19,41,28,3
6,22,19,42,28,3
6,22,19,43,28,3
6,22,19,44,28,3
6,22,19,45,28,3
6,22,24,36,28,3
6,22,24,37,28,3
6,22,24,38,28,3
6,22,24,39,28,3
6,22,24,47,28,3
6,22,24,48,28,3
6,22,24,49,28,3
6,22,24,50,28,3
6,22,29,42,28,3
6,22,29,43,28,3
6,22,29,44,28,3
6,22,29,45,28,3
6,22,29,53,28,3
6,22,29,54,28,3
6,22,29,55,28,3
6,22,29,56,28,3
6,22,34,47,28,3
6,22,34,48,28,3
6,22,34,49,28,3
6,22,34,50,28,3
6,22,34,51,28,3
6,22,34,58,28,3
6,22,34,59,28,3
6,22,35,0,28,3
6,22,35,1,28,3
6,22,35,2,28,3
6,22,39,53,28,3
6,22,39,54,28,3
6,22,39,55,28,3
6,22,39,56,28,3
6,22,40,4,28,3
6,22,40,5,28,3
6,22,40,6,28,3
6,22,40,7,28,3
7,22,44,58,28,3
7,22,44,59,28,3
7,22,45,0,28,3
7,22,45,1,28,3
7,22,45,2,28,3
7,22,45,9,28,3
7,22,45,10,28,3
7,22,45,11,28,3
7,22,45,12,28,3
7,22,45,13,28,3
8,22,50,4,28,3
8,22,50,5,28,3
8,22,50,6,28,3
8,22,50,7,28,3
8,22,50,15,28,3
8,22,50,16,28,3
8,22,50,17,28,3
8,22,50,18,28,3
8,22,55,9,28,3
8,22,55,10,28,3
8,22,55,11,28,3
8,22,55,12,28,3
8,22,55,13,28,3
8,22,55,20,28,3
8,22,55,21,28,3
8,22,55,22,28,3
8,22,55,23,28,3
8,22,55,24,28,3
8,23,0,16,28,3
8,23,0,17,28,3
8,23,0,18,28,3
8,23,0,19,28,3
8,23,0,26,28,3
8,23,0,27,28,3
8,23,0,28,28,3
8,23,0,29,28,3
8,23,5,21,28,3
8,23,5,22,28,3
8,23,5,23,28,3
8,23,5,24,28,3
8,23,5,31,28,3
8,23,5,32,28,3
8,23,5,33,28,3
8,23,5,34,28,3
8,23,5,35,28,3
9,23,10,26,28,3
9,23,10,27,28,3
9,23,10,28,28,3
9,23,10,29,28,3
9,23,10,30,28,3
9,23,10,41,28,3
8,23,15,32,28,3
8,23,15,33,28,3
8,23,15,34,28,3
8,23,15,35,28,3
8,23,15,43,28,3
8,23,15,44,28,3
8,23,15,45,28,3
8,23,15,46,28,3
8,23,20,38,28,3
8,23,20,39,28,3
8,23,20,40,28,3
8,23,20,41,28,3
8,23,20,48,28,3
8,23,20,49,28,3
8,23,20,50,28,3
8,23,20,51,28,3
8,23,20,52,28,3
7,23,25,43,28,3
7,23,25,44,28,3
7,23,25,45,28,3
7,23,25,46,28,3
7,23,25,47,28,3
7,23,25,54,28,3
7,23,25,55,28,3
7,23,25,56,28,3
7,23,25,57,28,3
7,23,30,49,28,3
7,23,30,50,28,3
7,23,30,51,28,3
7,23,30,52,28,3
7,23,30,59,28,3
7,23,31,0,28,3
7,23,31,1,28,3
7,23,31,2,28,3
7,23,31,3,28,3
6,23,35,54,28,3
6,23,35,55,28,3
6,23,35,56,28,3
6,23,35,57,28,3
6,23,35,58,28,3
6,23,36,6,28,3
6,23,36,7,28,3
6,23,36,8,28,3
6,23,36,9,28,3
6,23,41,1,28,3
6,23,41,2,28,3
6,23,41,3,28,3
6,23,41,4,28,3
6,23,41,11,28,3
6,23,41,12,28,3
6,23,41,13,28,3
6,23,41,14,28,3
6,23,46,6,28,3
6,23,46,7,28,3
6,23,46,8,28,3
6,23,46,9,28,3
6,23,46,16,28,3
6,23,46,17,28,3
6,23,46,18,28,3
6,23,46,19,28,3
6,23,46,20,28,3
6,23,51,11,28,3
6,23,51,12,28,3
6,23,51,13,28,3
6,23,51,14,28,3
6,23,51,15,28,3
6,23,51,22,28,3
6,23,51,23,28,3
6,23,51,24,28,3
6,23,51,25,28,3
6,23,56,17,28,3
6,23,56,18,28,3
6,23,56,19,28,3
6,23,56,20,28,3
6,23,56,27,28,3
6,23,56,28,28,3
6,23,56,29,28,3
6,23,56,30,28,3
6,23,56,31,28,3
6,0,1,22,29,3
6,0,1,23,29,3
6,0,1,24,29,3
6,0,1,25,29,3
6,0,1,26,29,3
6,0,1,33,29,3
6,0,1,34,29,3
6,0,1,35,29,3
6,0,1,36,29,3
6,0,1,37,29,3
6,0,6,29,29,3
6,0,6,30,29,3
6,0,6,31,29,3
6,0,6,32,29,3
6,0,6,39,29,3
6,0,6,40,29,3
6,0,6,41,29,3
6,0,6,42,29,3
6,0,11,34,29,3
6,0,11,35,29,3
6,0,11,36,29,3
6,0,11,37,29,3
6,0,11,44,29,3
6,0,11,45,29,3
6,0,11,46,29,3
6,0,11,47,29,3
6,0,11,48,29,3
6,0,16,39,29,3
6,0,16,40,29,3
6,0,16,41,29,3
6,0,16,42,29,3
6,0,16,43,29,3
6,0,16,51,29,3
6,0,16,52,29,3
6,0,16,53,29,3
6,0,16,54,29,3
5,0,21,45,29,3
5,0,21,46,29,3
5,0,21,47,29,3
6,0,21,48,29,3
6,0,21,55,29,3
6,0,21,56,29,3
6,0,21,57,29,3
6,0,21,58,29,3
6,0,21,59,29,3
6,0,26,50,29,3
6,0,26,51,29,3
6,0,26,52,29,3
6,0,26,53,29,3
6,0,26,54,29,3
6,0,27,2,29,3
6,0,27,3,29,3
6,0,27,4,29,3
6,0,27,5,29,3
6,0,32,7,29,3
6,0,32,8,29,3
6,0,32,9,29,3
6,0,32,10,29,3
5,0,37,2,29,3
5,0,37,3,29,3
5,0,37,4,29,3
5,0,37,5,29,3
5,0,37,12,29,3
5,0,37,13,29,3
5,0,37,14,29,3
5,0,37,15,29,3
5,0,37,16,29,3
5,0,42,7,29,3
5,0,42,8,29,3
5,0,42,9,29,3
5,0,42,10,29,3
5,0,42,11,29,3
5,0,42,18,29,3
5,0,42,19,29,3
5,0,42,20,29,3
5,0,42,21,29,3
5,0,47,14,29,3
5,0,47,15,29,3
5,0,47,16,29,3
5,0,47,17,29,3
5,0,47,23,29,3
5,0,47,24,29,3
5,0,47,25,29,3
5,0,47,26,29,3
5,0,47,27,29,3
5,0,52,18,29,3
5,0,52,19,29,3
5,0,52,20,29,3
5,0,52,21,29,3
5,0,52,22,29,3
5,0,52,30,29,3
5,0,52,31,29,3
5,0,52,32,29,3
5,0,57,24,29,3
5,0,57,25,29,3
5,0,57,26,29,3
5,0,57,27,29,3
5,0,57,28,29,3
5,0,57,35,29,3
5,0,57,36,29,3
5,0,57,37,29,3
5,0,57,38,29,3
4,1,2,30,29,3
4,1,2,31,29,3
4,1,2,32,29,3
4,1,2,33,29,3
4,1,2,40,29,3
4,1,2,41,29,3
4,1,2,42,29,3
4,1,2,43,29,3
4,1,2,44,29,3
4,1,7,35,29,3
4,1,7,36,29,3
4,1,7,37,29,3
4,1,7,38,29,3
4,1,7,39,29,3
4,1,7,46,29,3
4,1,7,47,29,3
4,1,7,48,29,3
4,1,7,49,29,3
5,1,12,42,29,3
5,1,12,43,29,3
4,1,12,44,29,3
4,1,12,45,29,3
5,1,12,51,29,3
5,1,12,52,29,3
5,1,12,53,29,3
4,1,12,54,29,3
4,1,12,55,29,3
5,1,17,46,29,3
5,1,17,47,29,3
5,1,17,48,29,3
5,1,17,49,29,3
5,1,17,50,29,3
5,1,17,58,29,3
5,1,17,59,29,3
5,1,18,0,29,3
5,1,18,1,29,3
6,1,22,53,29,3
6,1,22,54,29,3
6,1,23,3,29,3
6,1,23,4,29,3
6,1,23,5,29,3
6,1,23,6,29,3
4,1,27,58,29,3
4,1,27,59,29,3
4,1,28,0,29,3
4,1,28,1,29,3
4,1,28,8,29,3
4,1,28,9,29,3
4,1,28,10,29,3
4,1,28,11,29,3
4,1,28,12,29,3
4,1,33,3,29,3
4,1,33,4,29,3
4,1,33,5,29,3
4,1,33,6,29,3
4,1,33,7,29,3
4,1,33,15,29,3
4,1,33,16,29,3
4,1,33,17,29,3
4,1,33,18,29,3
4,1,38,10,29,3
4,1,38,11,29,3
4,1,38,12,29,3
4,1,38,13,29,3
4,1,38,19,29,3
4,1,38,20,29,3
4,1,38,21,29,3
4,1,38,22,29,3
4,1,38,23,29,3
4,1,43,14,29,3
4,1,43,15,29,3
4,1,43,16,29,3
4,1,43,17,29,3
4,1,43,18,29,3
4,1,43,26,29,3
4,1,43,27,29,3
4,1,43,28,29,3
4,1,43,29,29,3
4,1,48,20,29,3
4,1,48,21,29,3
4,1,48,22,29,3
4,1,48,23,29,3
4,1,48,24,29,3
4,1,48,31,29,3
4,1,48,32,29,3
4,1,48,33,29,3
4,1,48,34,29,3
3,1,53,27,29,3
3,1,53,28,29,3
3,1,53,29,29,3
3,1,53,30,29,3
3,1,53,36,29,3
3,1,53,37,29,3
3,1,53,38,29,3
3,1,53,39,29,3
3,1,53,40,29,3
3,1,58,31,29,3
3,1,58,32,29,3
3,1,58,33,29,3
3,1,58,34,29,3
3,1,58,35,29,3
3,1,58,43,29,3
3,1,58,44,29,3
3,1,58,45,29,3
3,1,58,46,29,3
3,2,3,38,29,3
3,2,3,39,29,3
3,2,3,40,29,3
3,2,3,41,29,3
3,2,3,47,29,3
3,2,3,48,29,3
3,2,3,49,29,3
3,2,3,50,29,3
3,2,3,51,29,3
3,2,8,42,29,3
3,2,8,43,29,3
3,2,8,44,29,3
3,2,8,45,29,3
3,2,8,46,29,3
3,2,8,54,29,3
3,2,8,55,29,3
3,2,8,56,29,3
3,2,8,57,29,3
3,2,13,48,29,3
3,2,13,49,29,3
3,2,13,50,29,3
3,2,13,51,29,3
3,2,13,52,29,3
3,2,13,59,29,3
3,2,14,0,29,3
3,2,14,1,29,3
3,2,14,2,29,3
3,2,18,55,29,3
3,2,18,56,29,3
3,2,18,57,29,3
3,2,18,58,29,3
3,2,19,4,29,3
3,2,19,5,29,3
3,2,19,6,29,3
3,2,19,7,29,3
3,2,19,8,29,3
3,2,23,59,29,3
3,2,24,0,29,3
3,2,24,1,29,3
3,2,24,2,29,3
3,2,24,3,29,3
3,2,24,11,29,3
3,2,24,12,29,3
3,2,24,13,29,3
3,2,24,14,29,3
3,2,29,6,29,3
3,2,29,7,29,3
3,2,29,15,29,3
3,2,29,16,29,3
3,2,29,17,29,3
3,2,29,18,29,3
3,2,29,19,29,3
3,2,34,12,29,3
3,2,34,13,29,3
3,2,34,14,29,3
3,2,34,15,29,3
3,2,34,22,29,3
3,2,34,23,29,3
3,2,34,24,29,3
3,2,34,25,29,3
3,2,39,16,29,3
3,2,39,17,29,3
3,2,39,18,29,3
3,2,39,19,29,3
3,2,39,20,29,3
3,2,39,28,29,3
3,2,39,29,29,3
3,2,39,30,29,3
3,2,39,31,29,3
3,2,44,23,29,3
3,2,44,24,29,3
3,2,44,25,29,3
3,2,44,26,29,3
3,2,44,32,29,3
3,2,44,33,29,3
3,2,44,34,29,3
3,2,44,35,29,3
3,2,44,36,29,3
3,2,49,28,29,3
3,2,49,29,29,3
3,2,49,31,29,3
3,2,49,32,29,3
3,2,49,39,29,3
3,2,49,40,29,3
3,2,49,41,29,3
3,2,49,42,29,3
3,2,54,33,29,3
3,2,54,34,29,3
3,2,54,35,29,3
3,2,54,36,29,3
3,2,54,37,29,3
3,2,54,43,29,3
3,2,54,44,29,3
3,2,54,45,29,3
3,2,54,46,29,3
3,2,54,47,29,3
3,2,59,40,29,3
3,2,59,41,29,3
3,2,59,42,29,3
3,2,59,43,29,3
3,2,59,50,29,3
3,2,59,51,29,3
3,2,59,52,29,3
3,2,59,53,29,3
3,3,4,44,29,3
3,3,4,45,29,3
3,3,4,46,29,3
3,3,4,47,29,3
3,3,4,48,29,3
3,3,4,56,29,3
3,3,4,57,29,3
3,3,4,58,29,3
3,3,4,59,29,3
3,3,9,51,29,3
3,3,9,52,29,3
3,3,9,53,29,3
3,3,9,54,29,3
3,3,10,0,29,3
3,3,10,1,29,3
3,3,10,2,29,3
3,3,10,3,29,3
3,3,10,4,29,3
3,3,14,55,29,3
3,3,14,56,29,3
3,3,14,57,29,3
3,3,14,58,29,3
3,3,14,59,29,3
3,3,15,7,29,3
3,3,15,8,29,3
3,3,15,9,29,3
3,3,15,10,29,3
3,3,20,5,29,3
3,3,20,11,29,3
3,3,20,12,29,3
3,3,20,13,29,3
3,3,20,14,29,3
3,3,20,15,29,3
3,3,25,8,29,3
3,3,25,9,29,3
3,3,25,10,29,3
3,3,25,11,29,3
3,3,25,19,29,3
3,3,25,20,29,3
3,3,25,21,29,3
3,3,30,12,29,3
3,3,30,13,29,3
3,3,30,14,29,3
3,3,30,15,29,3
3,3,30,16,29,3
3,3,30,24,29,3
3,3,30,25,29,3
3,3,30,26,29,3
3,3,30,27,29,3
3,3,35,19,29,3
3,3,35,20,29,3
3,3,35,21,29,3
3,3,35,22,29,3
3,3,35,28,29,3
3,3,35,29,29,3
3,3,35,30,29,3
3,3,35,31,29,3
3,3,35,32,29,3
2,3,40,23,29,3
2,3,40,24,29,3
2,3,40,25,29,3
2,3,40,26,29,3
2,3,40,27,29,3
2,3,40,35,29,3
2,3,40,36,29,3
2,3,40,37,29,3
2,3,40,38,29,3
2,3,45,30,29,3
2,3,45,31,29,3
2,3,45,32,29,3
2,3,45,33,29,3
2,3,45,39,29,3
2,3,45,40,29,3
2,3,45,41,29,3
2,3,45,42,29,3
2,3,45,43,29,3
2,3,50,36,29,3
2,3,50,37,29,3
2,3,50,38,29,3
2,3,50,39,29,3
2,3,55,40,29,3
2,3,55,41,29,3
2,3,55,42,29,3
2,3,55,43,29,3
2,3,55,44,29,3
2,3,55,52,29,3
2,3,55,53,29,3
2,3,55,54,29,3
2,3,55,55,29,3
3,4,0,47,29,3
3,4,0,48,29,3
3,4,0,49,29,3
3,4,0,50,29,3
3,4,0,56,29,3
3,4,0,57,29,3
3,4,0,58,29,3
3,4,0,59,29,3
3,4,1,0,29,3
3,4,5,52,29,3
3,4,5,53,29,3
3,4,5,54,29,3
3,4,5,55,29,3
3,4,5,56,29,3
3,4,6,3,29,3
3,4,6,4,29,3
3,4,6,5,29,3
3,4,6,6,29,3
3,4,10,58,29,3
3,4,10,59,29,3
3,4,11,0,29,3
3,4,11,1,29,3
3,4,11,9,29,3
3,4,11,10,29,3
3,4,11,11,29,3
3,4,11,12,29,3
3,4,16,3,29,3
2,4,16,4,29,3
2,4,16,5,29,3
3,4,16,6,29,3
3,4,16,7,29,3
3,4,16,13,29,3
3,4,16,14,29,3
3,4,16,15,29,3
3,4,16,16,29,3
3,4,16,17,29,3
3,4,21,8,29,3
3,4,21,9,29,3
3,4,21,10,29,3
3,4,21,11,29,3
3,4,21,12,29,3
3,4,21,20,29,3
3,4,21,21,29,3
3,4,21,22,29,3
3,4,21,23,29,3
2,4,26,15,29,3
2,4,26,16,29,3
2,4,26,17,29,3
2,4,26,18,29,3
2,4,26,24,29,3
2,4,26,25,29,3
2,4,26,26,29,3
2,4,26,27,29,3
2,4,26,28,29,3
2,4,31,19,29,3
2,4,31,20,29,3
2,4,31,21,29,3
2,4,31,22,29,3
2,4,31,23,29,3
2,4,31,31,29,3
2,4,31,32,29,3
2,4,31,33,29,3
2,4,31,34,29,3
3,4,36,26,29,3
3,4,36,27,29,3
3,4,36,28,29,3
3,4,36,29,29,3
3,4,36,36,29,3
3,4,36,37,29,3
3,4,36,38,29,3
3,4,36,39,29,3
3,4,36,40,29,3
